95441635213959601184600252816213351094
180996193800514017829760663831507456470
269306001615542818232677030222741410843
87891115878680592634146044034044801134
106780373630184892948800997093743032454
184713745312115728129600523289275953160
215662645551932273751237368107264878280
100287848126674294043926830357759253063
228434347776553199899810473750958426272
173392061343890486928784981906158927032
111125702326090683453983286010078691575
232514604971098863613979441164728505614
152773644468261339020195319705347969665
285775185170072739779010722099079216392
138010078745759296239533293894166670914
23356126980511807782040819350206753387
128809874792161825480906652231960207431
99291846166635670795678291087330583524
132242777279803043754168632333444090403
153630299589728408918346397167768908515
175702373676495759396885317792388508313
220662154647877693641773290924201272711
254500648932182137325818674883652708630
136372136854251017067672744004162318197
207217074173145009947944375670006514943
72085610958923633864561981099129305847
303786857908943992540480945651794570102
331250184748766321456762700509340095208
98479965781523334632276709229887678927
157390502633196869016367264220867390777
179627155232125755382365592509357682164
108186507502734626918438446319814597509
255097906438539506555471408758104021003
239738765334526258956515770942011931657
264190101974487926650490023756972570015
272816822634663541433854111311368988470
14830519150562352552012862915529626876
218987341403248770934435325287840991643
290420544023466931585149838708203022706
130841472775230790646232628553276202625
209599791030749094032609316917466767319
80696855773295542971869053880450589501
193844566906797983790535569076410989856
209264595485821637983258035383862855770
208335575908992497353726438713351110462
162651667352253812733773568644770577459
305399552656445533564684285081112499533
291209467468265129035060885464095552821
187500343130234851034170203414499499704
150748886541967072269894836760994516146
156922211887255873185355212309977292884
288260081868965063536380656697189734939
251851085956360656254756416535724763700
225265113278888598556587673951717158783
4540353518787766474188479152809865855
47646057236094811955199956313935507967
140230261448631565697297309608902983824
234430348396957736562493291210124021133
113226911164737483758008873623199890631
246706516359660904151837192269813901664
87618944852746110336515002631569069305
74506396311396189690963389235885464149
209005374633052495889258288544091826149
52926900342894332686764822502112134493
293734110789976720272216943540391434625
23619439504794500224616122457401279737
313755125841774975337749391806223645002
149182932776053200706705547355023984602
35758039865169166667940713165412764978
232288120676235748665082779750875366437
54636776293249624989914970496444412206
206431855820550013423911520340619115325
137728786717035952883672529949080630740
125635223083599492172240199041449177971
139555529321954670879139891953990808067
115191639341183029210461637856235803831
185010905410342116999380221689808646469
287294287950631928578099283217427528468
59714450177242276684102099807727395402
129209033945027463108202424212206974028
124019210769813025645661585003996283559
276317857423286436068724553283668959835
24992024021863186961304578426157492538
41438362154397572476863948417056391441
44936278683897944229891733085925667851
132839750190857384949762034270667418373
237158600559765319438922390652566385704
218920495530973069101198559104857164837
187331073034791578911058931396278105994
173795120353097504479783942840753025961
144421471032317289271545398063387326230
36741425323387504161542529511196071053
203023932824899477026143343613900497177
279135755879932945554171574388632730646
248911064043929726560577339402547040001
205851817243435353399079062208787306677
329937147653939675701607820422689877068
195429345486193809954770794788507122336
188303000571836409310629088409543108553
115738796513999116801227084900967733394
95324853888557665292976117140855299287
24560039376688393052026119016624125746
142929752515122839724318786252928574649
330510959675366711043797967209322259652
329620835538230965703874346649781055311
28575721774053305454281149698036087760
118825518152861333053412675609015167193
222576629363056416240445737067437704090
129149539382676754683848391560781926473
300177084612261114684627882848901686494
286919263408294858640482130065718741320
188253361659368310997812411400443444556
86478498223591328682861393869153459517
303249942691822098953267942767229119438
138447905122368343575772887617477707126
308886449907725142705243746764944771025
228248201485517037089588968953388409828
70201562780809439735547463236653130452
204600192051950517397488167518150365764
32662016064948890130235325907784227738
10965621063033065287487825047624787724
9575290022391954351777286812182325108
174755038761824952344941796770915543707
336377524156892267464296198240245792592
210217678956911572479691821175801083481
220503031069234604960351669005932662064
40559840506364314220597683742348268269
223379216941338579017326817691811567296
198771837245550431626984323565578388121
312189035227955232713752287316842860618
69976653965878573844707674025486229108
147040768059256778785428179550309839588
279647028765820860211138529360116494396
298652372148036756677060733425102397239
98673860195459122144045236184129988916
38253893890528676744877734438750186368
319917932024428977986137764106251539589
51988323347184329122033558725765427514
63406944634327288721461764259707107297
290401214976279698575631227803284870239
20440832452940831520495447475045335010
273425463101203296909024873157446812341
339683604165274646430108261105648518244
213045864912606205029571112072926422425
340230290533697620257795135572714091781
220754883888758326036774842413275649418
268178825941859485319819281693401952223
36950021378545083200391050173971683717
52908915964402410198514110630114473439
173640797042588931223255621138821769083
196676462751474989281041313998431368945
36478279451152513707804277013867188471
242363766258689899157806342618564041991
141640577498241875877898882969175744621
52190531682596006832666174244453339034
320952055778226498644566014270594033202
302118025109371663345124678055774516082
55191666132795859831097274246283853167
215876423791583099962697450696282186130
192718732125232963266227190832636580386
165998620350472901438062449297342441914
72026093655895930710030461019059634940
4549255868560834662110722355671276763
297360067133056227907914222977195259943
91929844609729870470396444505257391401
182486103227573475061870850808110046950
118072080386272236304675017189906417959
77059984450931628465209828160986948467
266445034514190834589889236346548811522
316243483369932693442972107155120687265
123045537305897294467436337772095988890
630814889848403297800569520731866244
6827086374135880396373527472637156129
229122872031750422723109108078213785236
303513695147174747082514090343060231935
298716260455929184718235394091508773563
253271330692041306721416391243466815516
231160433046206782228096896420856877445
14484089162601802952068025526265457616
127576939068568173500434653854460048753
292437673820888824476131511227862330658
306581916864895440381347523083221850922
274709787734984473605416554924626282872
281862048681198892776391354053193027079
62258969423696539609516801659190067144
204993118330325452975582422061119641102
136375752285098707810745463614273369085
124844457031934110477483466248143426832
290709552555624734691630470719469404156
139759103674829547866747686273495992216
268244148259226085979872687078495165355
135792044728049935421351317924180571956
39213710477552917512616538105704320907
247691597653109274790990837374968750916
302817807345577286963913509530829715156
107863378385417397076673475514209837228
112999963864871906514629353777383425921
105336470138825864226563253686519843116
231027031530990452414639995195510875972
288060420009228057398221004839816106843
162620502863254717491203428517835386189
77392973201947306357673758935270069405
298036957491450111789253438039306834046
173199566891915225773976043563439645193
299010958740766909331188118103227839507
124287790311777526948521018998208459191
191963790655908085295680887980828883421
47593176988204181613876232805034883918
63682247400698072444576123993656033346
87751398091341496562560888498452557815
236778379111801639020047238008463627536
326112319582487781198675099766512983002
158219794128164728352274484097883110372
255461640090237191120036801488193263555
252616666283913314366401465690365488049
132891052445978370786845325181268937210
234362760454490715917894206415020632544
275160228478267592040335805920946818969
170377286399701593311537341442133090129
56957530197247146156775547474359315048
314611405703576519799422585659967980140
27084157301901586210546543875784203371
45281590776682923471850055359785492875
222834805001793226676922795904685082422
1247112615789161678315432380921067713
80227271053688751514908293134533365914
203414701057511065317986131302062675382
252140685697049606259116494443011264361
282923421516456077034927986753478373957
231226026590872825587555800379482412500
294976962495652860623127594578358652962
178469291938648593318447438834787768992
291469868117766925716920841331713716576
230439438007601578710830607313178392812
302752665300042163685261974710220359078
108900649446985310895669103832582623780
196723274677519378127520460622283552849
319909122224915870291701745985647624058
7628184000443739521821035166947294981
90945908388398350874386860248700973319
112815140127237435365206806629340822974
311453709190282054039358661070789767726
158942091817940581482989939201557043250
208285856174665573786811178033189898997
215614419081315248193154549743887475509
264525673356976670514322748639725395782
83172906756334534029279766698294021724
52250458614928230382484071178598799470
97562168599937670749241668868346440206
157279591563622128581112361593437429899
90954824940039917872022422685000450850
290587810303028363453785616432476378770
128427438262680620540359014292492356401
143217725609940035644026038837017637464
241139793556136644947117990413263040257
155666432301002931093286398243505397717
64038346222842842533751943846422051020
39069290645970308692298079845206121728
27838448686563896524485400766666429210
141069694902282657846624437523162175239
222460763158108522104604846777864193816
149481555544600293518121135644319692199
269720197723262329316000195311295742660
60353027891235948825373333455112298323
93972717976762705150684484962181692423
29348751736072920294374576008328173883
134198010336313712653302557911055807708
140420247839885030073483735984698670281
291720529111216048769682473574198951846
331202726853699576500236168067855065098
40062656575446199731510337630414454423
107115130863365497438949215815980493170
83977850043374080302452610884891952132
82547486506466923287270274474926685724
220304271221887051208309972926210201053
18003103194772954309772670436043701510
330936825661191088121178025865009157016
71947851625715412579009279712131633362
177234615957291008564824822475388790149
167881256479676004608504288646750916933
144070868293962008181099043903675390746
126827033354103818473154506816173770845
230304518680571640519945015016243593622
136910209339613560720454869115982693332
313133300091542880709858626293770391916
331374534309612869650333179692910994574
210687831281643944381914570535694065663
110912673822930325405250179632959899735
76568567805301790026866952871080386962
235718539564889773251936955886187225677
111950908655598279149957431697158652176
272567512327979697619900396464695343619
304405690997164065285540202545480836266
214977096656246942329035893063983620280
13351732221684468624125981391989593198
130226127197514263538857742961784274880
95230211585849447290171601496244878402
15133241695049695154151791637231301721
92932082818930965085416437980300677158
309175228207331377986086932386367508899
157813486364859656517017681632373501814
139312537816613583422801143487946934950
258935259234961988121663839213308465549
276632169670629635563209566199149198803
136874428784785237180837419171969235600
288922959648934333014133582204714866558
270993630047054848258592356869525941019
293403441788481273213343817009454048664
116913502472244409943825588401622566493
222412652949579439386090415290647971854
318147664140747695207000750363785795029
204864746294731776133979525788055664535
247266783312188411856632593944102342609
58554739435975586233775773163108095012
179488204967043370455471205920692722734
121345735662280641367005525553635867308
218533880356063007600961219551008286763
30847890159843243623058004608231602744
313277258598320324087314585458998540499
78072256826191014877153670623376110435
339552381312536122872309665639493228442
233580032985872997333842971079625989570
6111726595732321910304711688619644214
194895608018983408449511019245326003032
220402101512751062319184099215994115062
57051220005543908422723327656215801387
327915757097171919691283965555904382197
189299198798925503911292494305314721869
337720949177610367830636437528499109729
324078217200357229838200604431374901273
244343056064374064208065679075487223191
119032425630345270200968333051292216794
216033376277130539934630700480634830892
125713615082542372539888393905107485214
64945329479156636190479222460648229703
8121333341324215036320424612310123957
175080219906916475339457039312523468920
255808162984361756933419483090304163231
9058056568162542176822477297338408353
242727968395316130744615452981275470200
126725896237007606290712533951619343681
94489425727348708206372687975487539181
210411202562486873966363323426195863045
151867389004690876723618502373357822622
66811838227029871288067416165674930510
309021099720894140089982219956535028434
42652630453792443965312518135764425053
80685095051723140723045019649440368424
179739024242598216312949611097302387767
329042325959078747563980629457519574931
85322019600332651917953315221971903339
224485553648761886461614147637649459656
22996969041393553242321933160543117366
81179052887168429515108654821496723108
192692256688046846273471886237976135049
214744432034609732775514500689806726662
277587592431865009702251094507795221178
335640244035250171705783499895337372041
319140809247603640825526056126302542817
329521571380348295135036861605064906576
215302454345416111409686239473135269922
62424566809216839684775357099141065339
212309307676082169606867466311004728826
81004236850883440364535610295938490769
66980885167458855464414837610514107603
157534551383548410200872035492732383868
251713406378768660435505500721467137928
241916829968716394901266692359247290795
292162583546588447894604806142328792578
84563979576601571436810266209048441130
115511910917737723313213175538977071410
95601230390445003766754273208972446961
178278530792793627427620495421612752539
191367291688828747580452696308235130585
311325435647170448046427767973437593097
155501041879228382810167824317921065344
270524747567223896921453534020892671013
100651079903949529249178257764963213867
184202307220599679388572681067893286889
214472521686700122317018645183963253526
195761437763556801073659167694371040105
125055171901127988811177828374760091188
33346954219724092553870313161123605493
235499898033309241842544751682028094786
115423513271021255527772181736606065288
117775215528720271873695559469093996905
91432481375304407781859706339807471588
248908169636650600467432431943425723055
135489186542881651874628582681010378314
167074693076713260673234985147368458054
301986810496657623832646078046050768773
299339686414072343506749217034025612370
265369087888565161101612337235863427742
102345984637555804734187802383631870093
49069986711482101017156655009060959857
158669096685443562368553914457345640170
198103447330272746417294030412648729109
63925120510506069634557456732593844968
173653537393338508511917696761915983739
317751257866153930810235095346610655852
72312490937399727882952369884756103663
95749721166915673721850588953031731044
90710663285779248536555834084218551305
195534767974795707245901364070346715449
170934941266471597014352573403016872660
5486642534447470310661446338983170691
12043433262198725195919619063632061187
299167435201342391367921661568863781890
62130137814392850863284472882160639255
154803281596901528211655267637087970313
190467978377439831481256675799413573016
257436778529122357332677539598487466264
256401870033287396348638631568279434850
18039389196803735206616712685054640726
75439366251017688796475785861666538053
19644837623108795674331800074098340772
336977025424795890384766892345911593752
2730442724074435479066098332352003036
91534090252568797314331493742225833489
19459019058787746091207157958215402632
304397247400879836937233479505901904447
239192401560841303854451833973319744773
128705830555199989645700456530556470615
258626527147074355471929190256126908752
228967426725968048148651685281330393607
233609176693159974173085268063415451010
320599073241486499942202703589519817000
231206926296750013970668665610468182845
287269001851546494604129665789016711608
220908494767388478786048705481194067832
181857877485823970256480525162426630762
244299801669871449259323863406244161563
245463510708098567446002643391814268731
195823634311842779723682501357550958567
216394898029379825817024593769002221532
163376870908611408632725189392470855514
217565435147567497048893495713399629684
290373615843298469315111933878851884904
304431420612554475662141529458327648133
296436052918532043427528876759403181874
42347453061210001482525182284955747082
139834974014838728547388656857299553039
149331728669467211139903258277802419226
167352880288974997608564999641421622257
130474404132406597155485246724693085197
262962348139472856009228923311005902178
172825717671680003965371216358810227077
294930197334479939775735054225043317046
262197091029562304727645761250408386074
118760234970066494556886394950928953818
119130472347112317920006952362087951049
117711130394315930799648658579097764281
176031607202262593747248503201325484976
23264610704074516085615182501860290297
214766503719919716884487840786373071140
24132307714737196445830385650193695077
18422945160001096815401637480079549098
283228350875451312202870663320503048684
1067024833985944526468230093043252549
135251833651145888722853977742160708521
285119810304552464002561560418535270524
318274708594387787041365205102603222446
149516061588790520344750022618935039324
223392640852056115753906144933659420318
252928049499310242976397339616237158457
236334915915875642621608157133707026019
211868307241344531258112206255464110154
162106644929443097360633861981116396671
219487989843345462068645058244185833644
282877512653219716682342994670384400931
17302612677237744752543607739863251572
261164929122171800700910474332087394163
241927652272058944771076540750640341881
81339346123396764808874116312555699000
340202364363232338811618741913178759773
79065305743276630956125634916662363477
116844859491946621516624870301237409304
109874862154359188414509089845652889892
128534094271777721027212095683277859438
292819018436212561693582800275319771722
230164547371337392540766774274176552053
303279472322289375701990019505946168388
138376644470842866720200734544621696598
13248024152399697685485267845465584523
71512693561824748171140686130052345422
316536739257266068838851720507011429282
216750884107405989996665810804453078122
203000689535425953457192176659599622805
33993666593314189603877672261466539639
119967146759979141826009171458097528949
302343160799931185710472543635972421442
69342221425757854781027837497409957350
260649574627351615545868067260864624570
90570361345261887658623035426181796216
146806135017072261670506180229899967370
235230675279417151767289063141986681474
224094288936611216614530415808789704311
204682431720664619664128957124927253465
309891714384717021194849170968071858632
276453071408695729104741249583195119472
172724487623691908387503223632765834542
182225740267655837236854558962356450237
112510054214205089621984405694577630865
243053181882322825768936292441410509304
306864710600456942467163605909123193594
178848111382070508126314668231293537589
108563172283090901980845985075111112900
337754929985373159573435365079818698894
314324463395188008471074240811735788445
293240984766428708193701348389293846388
237260091430804524324703716833573493718
241438672181225095451213167760516078498
165865047458578214508723434908392143770
263943873494778490376780320168445785788
194022077403259850326314853153129921177
280791995874923041617572928642857118214
300885231075445244350060390850221970434
231413026743072824536182819686788277253
335192110594262775661187875452611034203
329026471284412142105365011782438256036
225164885322832410997577994648962905323
60675781381806587019347270750894550068
126747093779403826410702665986027832839
17594803265942849384283636475014987023
59915264393429017918559213955995893386
90866451882512993096759129907791307939
148581257765145729059526527898417437689
201814105447519153482317212944029019682
39096831034759546620740563240680579308
302624243421003720748949325896594542312
227888548360753103715789756698563685432
76348064031576336984287166585286834644
144102758815985146268187316892147684033
126834142422817247093211985529011742424
85182762556060392012337500581423377937
281018563709873717271636696909964726745
278398951549841095673469378916793667128
248379080285208858562359088954286167012
171915101032166832716706873010833339691
190942141092623948399657185387636053912
302255284510251219860361589255616375188
279697083569643884037584047109199904677
178368180765577614599556637285368065896
28005140523075513627255327213245864680
30662435360836541351742307630351940220
96304252544767245250673903323165092231
183025830392013655675370035469947291061
318434963570602426140602513222538495180
43396480873510785926760179759910276350
38206212925079048080308429006810458467
271522746528488372589647837044536860359
154722094913867621655165251971639238925
195657701511985874482073358951130057651
105250653329026476371386186193317861156
272888918489623436866150710337411977101
45468565543109857437350204467252437753
184449301805384462346145013154033211780
195786494474022643425614409389988620911
30026668086122844955064793880702139594
48094698707631993237169700152986818274
100012328091700537108196573304815529003
332148623274304369223458583193957629147
67669967849967625861138682443650919472
188220259979177979212737093583138923791
190987895651816577321974418640962823294
160832461163605571856019445025107669141
114561190096904193670573946263707187681
131991627378337873029060094349570423337
194963891036349685967203493325041755196
334625398434915713475664576046310948413
71984995076388792403778147561171191995
49609455922896162863624755624978803358
135528592780188152538021345440585915247
33108160083796140700941217834253838752
250759739667059664474795175178439225206
18644790675130750638489017334225109707
120067887134670739470038434996733588193
195452525290172710498514359585301231381
10730278058318652406951479635216295169
194407836715880077962141711422903745444
231498524658199600416498841819875791981
270976360764306732554553155632333957952
159906833732709420173027363452846620572
200229820300747116823320314843489133412
130658159357566713445883108346183079671
18496426578605856460606761170608351412
119374668665732090952762104035971433883
201534944759247350688578297648723449088
1638597547546644398002415598741452465
62345400010510172443211469705482002375
317664709244846065764300525936374599434
103854759668827133548557467340440384239
206586215182920648734263170493783533094
312979842287823667839736944270411329106
173081372553060067197840097291977319093
334180736315794275442073649030657805980
178340322655369347752472771494477557667
150798203979005217472105186613060856973
250619150239708396630272674371912092604
60916718540663787697908294294034252136
109537134853524974378503855210202516907
84990337981464553873633508431516948322
303923784370085185423035789787405651239
309822354223173356932636573840494143635
98827834803729089670726020982090320240
205582678167396568916816064222769196021
302107237661749983860542324749636805097
332408554531045813145000878496989204899
160972990404640786552396683803336648104
297281940129126946537646012644442235731
121998226122166641605633820253287223834
141874534057584139747729706152912138122
238000951498529516354879910834298398426
84911141857878602897755092279021184042
301278784858590798222851278661797195337
186938343539912414040228684435542332112
172958547352003147646154066113794674406
174827065139829658256399116057257678842
22556786893057170764219542473244290962
258353018989758442240249625763707455252
67764413913788538251856598873700087897
285119955045803429541861139754473400333
21420002513120491563230523365857570181
164453334909805197730347041638874098352
7928229639584740505891616790846126997
4764942137801092932042527011744574165
210451645171758634926998569691750898068
1378091342093743506220792306055261235
97680259912023032812034500114955558154
158941687812616161310925811845835829502
155016394638701587654798230271129593215
117085067569115744056150656684501536847
307173347666593984352891058322773460854
38765757191800894147308346608465055501
10815743642366672413337890631618016508
339658194222708879220704119395244178102
268820508145958672214679942860584664684
175904578585736087674842828114809452113
63916932733770930069193021164787490708
263362328742244210260202523501601739499
311278067417892228203324478867586777526
184212352188997018580038746829202212305
337760994392694445612784263383447462183
177842047191704657768018101284497041453
140940906350951827604759204902994444824
189814111168009868504839989575853448859
55678128258541741003277767757569197783
240795465300144472609133372094651538776
38483869879043346749698547440515547251
326597948145216779514893866860648595786
210862405163461154582263907053002740181
66505956360237275494506726215150904038
174240351610055565138718980924119922245
165033291081646019263696176494071741102
53856584642996391853690976253099481889
16537318680981770379798231212436002571
45725400298068553192507337791265418402
14916323575444448725058576869855444186
231930718142362199794646461113107322991
299859489199274448043549479114290604666
69836756198271003707091348704031861405
319194323177061798758593226817135328813
328511512558315174171922448157086147229
31884865638387221227741645705117028142
2053890222444052337018571461538525722
21615592222735001020475114302048064466
289743317427377313376277867247250032293
213691395717685181388166963134113552847
329225538594655813393644462765544671560
269926664192586060292594839729496027637
89688781124097925295216171843633037710
326938268390821824989204103114203537964
172696594405885342556054567595192660132
191685986751293768175113207172079220876
36680967315327199548254281299038601529
234408772143333770729413541862896848718
271078816540486864936325430131220511871
159916617740242004416580538825258081017
51992175131549563015619813840286194434
219302157312008872309768858674091749242
217397375041740710861927187911357773824
37947584565186700400133679947702609803
321514735457902210339727068490886077443
262207945467147420672415034031161688196
80656247854389860768047099206705422019
187873370422666772012777708872884046091
198567056828275007893281590436508579320
158746816280517946180614809082420358788
7352726355675981245944159834666397793
106560587027964843890750742961772862641
40372644905217261204683993770255662114
74038086066443891602665868068591113842
122549877920257916645701256867641147866
13602585083374256033240881426755011695
90648630306129423992450371783536577922
325390955257464693116005319805603005096
96421083336060529218482545166395658318
85550609644327984222855706687667605052
289897836127275590103908688053559598037
130270521570740975051271953336876231333
207495536820576480144754116698158077811
300179569851144363387307817916960288049
128255348327593750571714978234101648065
306318921001866400663407574972815252398
79435496160293998065039471807909123188
193618455783588030746575086181003412813
323331325173080401325646290150000270338
247498391346892945540422020464804650943
224638760189147396642702197043653025691
19091293766363629809674756097375156599
42351427532384020377585081779525555228
214715612147667837089328553694558001853
200052923712375473165260158441809837588
326671185950038642440011572165770955182
182819298331003661852090374303395012915
283900139649653348711516772570887859745
109830482129664931297842260047865787800
162122819299946941236324196842231547721
172426901518094783700688662301695021688
280715566954096645504133871084313380569
46952754821498905263290179872001665185
244222013358661921237509175300562030097
107465387308551160886509940985449946367
321574103825313357141726376040180393686
224814651487013833152354732578491051308
325688225610015764182516967297787298962
150872612295142327561542788749807198161
221498688319527911932393102368223494064
326769083073697507307561493105941087622
117014750159839145968315333340222508401
327787620417318835197324447686612698672
122514047612370939326337495068005827283
14833418166061381756620842370990785434
34918167074117175360092727410414587037
100210885280108605356373483220097712396
207595587250037392093944687872877236144
161273634561500160638217631628190091268
160903137708272925927159378583834052572
317496553964136841249216772996204184346
90261044473060033945898894747505211757
291077566390067610229645034130728805886
88864419789692772992442348458672161469
112947932385697496298450957094739890867
33152476043099190676796256139290986462
229223900972141023385203263458470246413
139330860055176115126723874342152658264
29405919501158405042375475399162850203
274416542844655764647178353317504507353
182457609699925632566754068730665568553
211753451362311483898674889637430153382
291835613154935873787509498636676907183
124781062813429271368638392324408130582
41389959565780825574525992410021034719
227028848899205743279652244177726096927
82064005331127115804988264386425988822
333200057423413684212062886791474820304
170864465769039269517329912400024928715
177846618769200769188121928735643954105
29027286561066518444572561663057505364
120155246805545885738659417590949850484
7675419029932071550510277422025775569
226963221041580058138400894271936825870
216098485764761912762866531513091699966
10979720603079482293449052443616570785
276212141522316980930207417252389327091
30003396084497620146741921794471696674
136515135600729295634467264315557248335
309908520139092356185256501641012229736
138086112079392129771672520818710440556
65459077436807761758951643616981042574
180383964909048880366504760121726835752
8637915786491327884494620998835081893
77915154216376207804201489565245639142
38801624036683234858249732072069446147
186732750423847052040105045497666219881
80449770369060272146249741225596716324
41448672721326871852921596738728697455
120159998456737592646276037132776086211
109065809520224666787605619732369920789
314345334056686513476467262811124891251
215959312407758999134647254776573587205
253519804682738843856651497932561122979
332431326307885648243987983795707410629
121477592864656028154284756195147792512
136778304206611428848655575910778754564
133777426441234937913602086294343482949
15162369448105873590504767244062393208
227442913799931116879425497871874733238
158411451268384774383210600110245916236
276160412463463960851322622057013360060
124207533025970700585994706207333623749
11690686213498422071083514074868147430
152546257831215796043289696614319935178
278847170678904588240273490061843476297
273967596640391805331980335879055341186
304222932388182373764332399135233782444
127133004936829531669248092627979656030
149867264915202179040917871850103856432
319744986730364113079368795703904231567
121778234057860686373338262181656383717
168043706306416729575954963346182530329
170755154630229371701264842714418233543
288208758823059707341355435276437023159
266401907312267854775187794258969397508
131870469097582303743812767797608294945
17916662874216610029992952175696242700
213361275396123503936597645405470378509
307172546864366779306460771747956377798
171730730972941065352378774007922174455
281103328576113403912249001414934995544
702825159801622667114411678699360486
174901218539085342154355937269810387856
126561896871910749645151204910529744890
333165256275183709354992505972991733477
304902742969191014471977242223800147680
128035312196867731922770169988452121527
211787477642171737511407140031277437651
120922782962848090822638290872852399744
328575984063488513024910995656104771724
117029452973072053236149260193447048379
246848199693431094340672492201040966911
157363972576932626247959437544610721809
291190758005758447068742693255586702489
294772234616362333341693994970722202783
53055788937774854179437047501136511300
207026041139238840376914426194383035084
12929086682010906652182566336279085355
249477097428647654809721396290393545561
245474491480040740099602978242816544284
115477952080248966598176875558008863612
333302216773904265991955159932755548286
312389238747431311263848463228043671174
5613782099963958577873194230324551820
154847706249656302787789775310598966485
172375713218426094639470269665590547125
186167913757069054675068490462211855879
252952691045436417829222815296181068841
336222306831337031949537597737930281133
104469276481372930525292722131932179955
278739287860259596925972180051778816984
150839465087351500523190059308862958289
251456900597689778659829344790913110473
101937028729853585338880851703296419397
35087370460714572948380938443942306133
116568550545794093569007078357749464667
31776216677901822300731529062297769811
104293467372495654455643855785548358780
167171581206026589646777777184137133947
52163501641131642481026594265160458279
249849046219781432972134961748429524153
11353428510158460997522077062184831067
60157938162075778369407114871439064931
76399826059278094450280072803254762386
169122669261498671853104707289739124372
139463641222994130899738966843592484795
258200848014471853210194356068088911658
268323284274074913441975705558416224847
132041601967488460111738555427762931566
259661045243667491851175775293912538913
147962259082259164398474498144861480331
216049500395080146300040222718967609453
173436760575713376003535054118097520233
94620824578717692763302571925636935329
114196762470617875447778039183027949344
273034050638898444342921924211802658778
125511461082521569158214828955419180869
31478613157732627290483283111547267408
224521354600622016497537416661149830448
310834114513602297263384565185518356350
306161243844758046631759002362708763005
172743293202406352314115315197772979245
325982755963923485400179731727151661618
339258257989709005679204009523440834600
19000547704387404538560469946235099781
103666194799766946942131928020788628450
52934838534453577725620431788259922584
73673350532674470773173461698973464851
186158838594341535644465294022452134781
66289908694518081730200410684849799601
96581338502378408737904452452108241827
263781215867730037314613656479212557915
68222808702933164129831032563729005486
217167738159036177834629114811582959472
113461913632149501180296020014853818635
78347763175815292542530789366057399712
246705917356723828565895208112130440225
155679078805082197021090736145396566235
177603766565300273269975007759131392801
95643877159460812786475308104114347960
155180181461738067430973509705296679868
329295584449113666041280450639403098640
152926988951962697791291087731022440275
45584479956967572336352933838046002185
21839849161838186015207975403758423855
266059963331106915024414257913117037360
215046014605303517085789547199561220522
107126677786048639050415425241923043689
73885938313441147708405162827174193269
293361531760786299322552841460038320874
40958309366998093840391135896781172234
71457582146725772253490064352092033686
5032560940672356528418956808090075977
310460949008838807839690333186405812222
235070764349271716848404149788721762159
215714580397200625756753017642825004763
83168642730712185310554391921288809296
245548194679477786176287672464441742713
56733998017001943569461672363042130397
190442327389965385974636305909225748040
141473017491678404004326921458286903948
281762524774913012219580436698314837860
251733116687262942464444962327836103647
174140111728132172733038348058718992639
302311049472805464031532582474625302333
250246920789559471488148706198526605504
232701599377119880138804810867559590542
111968114129233585796807290661765443943
227671271584632250088721772030563074519
228866736248628260799459600248842254137
107144829993442160034928690467896684235
335866549551152064872345977336429256970
123179171790502194557431780483421267942
171195830371890748926442236931531052880
151002296406068277502112981814392005893
223706037165721703814976083007985000044
313784391321541807761133995897325041107
315424643341539935591645112248513350332
224723011271833624958162349198078698213
117574726907205487961219225119486470777
330073581192972585103973022515274940199
200025424530717100259264708130326722492
14040706459057281050876645665823071615
22438414063268499567043233683498663082
307876130680017337649719388395892280216
305967874864506844611651621420439861535
140196341915498723198578417475546730423
288065476786133042241544877950173271568
236150423500353684677116249086368530987
289375274277504940972615909776077405362
64538010353924151234127373314607855871
119715013514470817118646588554140241586
174181813652108656517161313345811602171
103098345606836397152817628639607947411
168939802857856342839107308949165749417
42055548004071417998426914552421740612
255093731091135314089031995692530822271
227602397442451962603551104816699715831
225868992086577505907665158006247420152
302596375882383212548917474330789137749
33736997851195574257805547767027850314
218433108317574959300971778243661645711
309339851306444730893475223777765412489
145736556423432871528428189797760522267
261704667252485242338233376273981998236
171230202586416524284745168281179221850
140065412264451267119345857921876786166
295898954458647053513245474706644025507
276377166449012203237892194911538161583
75622367022070094893572982966478990417
225833072079554844289270530823263906443
279314794751186920858585167450431866845
135527072632375776013497463578049700841
195266889723302446547479183546993396023
15931480822402450786502353914059091532
228461580664911446900877216372618008113
95762696627742364428498146215658083860
154695556385252821421839593318725487832
123675175174873875237946238643741426053
230261362943685207389325244356480687826
186151822591857998662566856073709984558
56581290002163720018785926455356810527
15106685863664597138251063317653700165
265047997695309164936255789274462022857
336684865591784621013560344329174012308
30218734558094401233763392828273050315
332083911989651778797852045790363759538
273537838997868291567807136342985663822
149718369644055417094397718883086007415
313615471131019967980388198582580542297
282476473200683884091448829423810841882
142269798578386640050178403530018761054
239618225977190703129549150119640552868
63552128708436820181638658568890735431
321283053466725559839997733084851889076
263695025755065992797951676555876400568
10773753096309917388545032261635253362
282262234732225812927412108268371073904
85396965374540854628479453039500933476
209783102031976611954253001699116555826
325466275061302696105407615824469537445
4266979358514257478596303124282658006
148757207848662803395334737991685779828
297586277866076605845229498436185495647
233357198513537680196823164365943512291
27206560426028432449522702059191142660
260073528992357140919081802822851880064
198141090354981409518866151085894582958
98603440402105474599811096441258533028
64930034413698777243795332912594942481
88350665699329582267646180652165160790
80257289922317729796397384765928733997
295313557020298831956058231389602561797
67079939117682193341529897684768856605
249439095396062418195058417932435682897
166669239190553234930891569234234780181
63242206872386768619604948131770350128
119506511577478858291390713139677606095
92577420328830952843273717350263856987
20656188736236335785290956643824586912
109970572312355372573040621803545750616
101338028777721021172530741010556256049
219497947279344843493060385848284219470
50248026213521857430723199697054312771
36134233965356930243650451534182060625
227828403445535932577194598641715357647
122261719426142324449620057716904288226
144690425966130547711874929703132643623
160149966817889656075558824376226406720
243027484414725819779715181037110436195
188256406829830180553083161592402350048
259620620381359900983739464481241237376
29028215772161879572824066803648354087
218333149439925309219072541214627093295
149195975945256808936113359995175391558
208915211639755205644778816646536036570
236892509443703517763893284519831172090
10706193151616524997960432624444578984
340254808059946483836001945984173792622
51958893496288523380432866334816336238
276157611376553598069721652989052511184
92314262917053618283387509766433375131
56367842941122365838086543536841600725
31193177399511342918985553020876913991
209912459229316781656531359718349561076
178706965722530453462222999368188245469
102676626935792962949974339869583694588
234156309119286627553723762706831739036
257204030317835326186053984141266865037
273629100791189718717577727336771949925
231115728759269296350191325762657164009
240708835189194666493741594654524675919
13114459378087936737300972399148680528
59107250470636825815282627745448886479
63224477850792049775807358203115406195
119349385613658530855752932902151740228
283697196403158201030836724531339189942
313819384561921657237393625992047510564
14814521445835850373949650950585996059
48883376719697097152626627688757070337
186806021409068650653262960233176954528
157863483404996799691579347608023102483
64798540856642096539663990798976946961
308421027795374803487133044749668149319
307943457618140199877239120006586661017
79033429103055584508431945429578669601
9336343943748033847731336111812498249
265681497975835485968748400099397341622
1264646930044860910155705126027755850
257592177808342726392116478633390057060
176360666839172767634208491441801131400
324139364884853027930123716762348152389
164881999888755371207565725013185069716
224680655828754721095126380277915901232
87850514115738712689697185558982744439
54547116591853675256568082139674298546
148184652684610818937510014399523943994
262400179582273097266639003630559254501
80142294893855067015673253789860475479
59726803383828640535921647665886492815
73251971505642889499606975807172061512
334518354554300004650164574335717998834
273138065396376229909091204651616368599
176021018483829163493609193967777293896
296120417829085222537329173466051427876
89763678583561425005583827463496055589
241290597026323467760118130109532493142
64859092853739117760914505872361249181
70795734493891598104300981059661220229
27196087504792394298962919226774679689
252768266912444160478793090390078987002
311094179369605665082564635232680214463
92866850546294201027035843430103907941
50201160556316983910857316943739626200
79452317557022602958878079350361227927
192446138349494299147904163612946933162
337426489962010401778758696377614169147
139183211468340499798427563446728058102
66409525611731792527264718186260950007
29557537707170466006342581085627756201
131288949159627304552583922745042119686
192443541851977599226594338538219316182
161244345698884588779879898735833283849
275890153567579069012974304740106217344
197391928226229222970899613196447268106
112534727403113418647614640294256237080
80858804136763962430724764307451032518
313870345383609348997096502073891321560
247016245050117756000968174941655731912
140719818126457146801475029208028240562
77776298569000949751235324324741469563
101685894056392763943867311601014735578
196847683129210659488526812127767061305
15446767701334867742126616191956343557
277495617881677704867579806890456019731
14761817709519900775130981013318936530
25542122932930985360494227782972020866
150748986985596853854620072052210807284
98380688587706732658400417216189873234
38106747767997775953809383806294980163
193672937729500946935772829134289379971
271912229482967931213030052132755316754
112205738799623787057356428401485317614
206992784145309430660663828917486108234
204803321425699826204609127527982807536
169034469663433165684882552719484718543
92834719103781973669156837388155574004
177399282287013231418150193987730247021
261137751873865791816054789022359285571
310716766150583424910886762075693563248
241470356628588163604549798698963904342
68031314798481653034180007679017197167
336076023030239176089058636923248359030
327499990941840805458888758153172326909
271772204812790490982872303316088019138
228011857450343067945891177310542592670
310264452023379615434511034052396945181
215767782619126410419488356905827443687
25626987250227189266018080021729952563
3485355515907955337009142337573981118
181109834126476693241178885240181405623
224829104980337340254578831796380519797
176483054175199941207400660292700842399
20843968690046137017169260100418689926
238058374198026761216538444174099123796
181533246752220765054920302791191279103
263028893789944098005064019117330625136
149643257786601825994471769708080954413
321741177156424628731476893204372248002
118466217397440062431487732112316179154
122577411368219906654443997457652099933
148111999743241960586811697011722501751
117946872741136104942918746278470393694
67449919646821829369902289518316462391
117897693335566091921951266716146649104
237709926819729536977782014092880060210
84712188858316857934715298433640901940
178110357962222442407587131601660149034
317509643906673699545205685997685762077
134211091781274071877084605608452465558
247171971397982488900599510558855582353
298434848725030218496556481180992341454
258242683597665868673980905046172600256
302112537513267965153915467836178060862
204169799510771045794978569633335361783
273602831938980849359588958604012941944
288476364876801718573748644333090424971
221301380738052058315774806977474789134
190416828596037082989708690605222237605
9563571047232476829043029666334386281
26626566918818350740732986125282009226
277118903670013506162056022426242738668
181364587858959936034120769634039339490
131092077665067953186778106620992293574
68207808941016113345804322837028258267
156916785299203809489313827679091251974
336818452315939029630732990487559888714
282304536118609359708231423322376780868
5793434555120641812008658789834099112
309620439552906621072695657224717409817
88375559563550947291364230390295140735
249245286394114861693752797234601467942
213262008709641098910498795624639141087
76516971858032225965524550215662121871
329965536855746974749252974627929886717
107249374899356364977549381492157934914
67261188837646706194936739183800749907
85425503719665843931730254492734890487
139051225542609080518824939991439561453
191848637842635830628473340372494418549
135987698121816404602024767780350383955
86478092336122379352998807984981557059
106494843209521497425156131042872982463
131387404178116139625460938080541537621
39896886728320419220409600322323957458
101632427515058736095835130147158246687
252849716726682416647579034281423303253
250404568487095245359072459564760350827
197885273894569288593628664073155892525
78289170851983980943127116547917383701
220712459004553594106665678167435499337
205664281899393786678504155077701080082
299072889682062694863781806797888915443
301448589474064465429343413880184486555
165818496094493232090483047827353054409
112034486472662834080074849546785719398
78996116505621440506897254191471062813
170162180859199819839089735138511117264
249218478125430352071042211762362990623
325682381505591548034364337139075569156
156042880283953330691875453611591121554
315983651831800959048235211725831205834
213428644966207919937714894993316569229
68728722218450788372945756036950854420
304315150611088672053781533430155885537
207577290553736936634636499665104983181
94606878017635259223502262237441621636
276969653012061651506349735176847182922
262355826459915064611266918831418398698
25627597557181682119359188858257078803
259312074705923605143298948284192704562
162459642625321499557722309002582860673
292381391715231261542937496632826410026
108427155348952013744127703740255293950
263322772118201771732786742038334531060
326466337756614362212809092199319014332
283507821944468921183555427797634738974
69546576078655598341901056538106621811
148959452231143277704916335940952877313
270764862394790419705307328845396749629
206653480296662518613259963667942953233
60036659545160276949757656439105945356
72038797086906953495276255745682347598
225249726061312182777611846881734005909
141873219244209735487867494854755931163
178547601451339232373617528790046984942
184479394776600174078194595464229340548
46277303323512526286236043706214988435
3232600488288364745289210330064338772
115897992595114451588971809459123400420
125582339676370615160335160110583750172
47044470120254103695452567988146829707
210669229307253185960379005457105344522
23876285237010721069858596766533873826
283973158778090311920207689311353567333
246169474378911778002741098945350996216
160687755228627125549927325905095399767
328505137996003199999823961685813012211
28318645256714142835202370656175830638
109838392098223647909597292678152960117
289182335680556663294452868612802223548
323628948778948449742124766956072048440
180609212234312352184223249875982081361
206284828756959036996052776410801183933
192617493196960109055798226861681244118
215527579895120557569105995356048893423
114679096457466978271331997469392855149
240504740534630583929710433052413990197
296673755991064522418271510677810823182
291135223636769231023528800771896187775
256375430582744971632901882339960200511
257755474390951271785628652557441555080
66815120757515389890863382046423484030
313704589152877352931610207945235038238
9725140306667315874278361582771738676
209625901601866726951136823899063017109
336489345436984824650122926440668594545
266285495351350741015490715550492680800
125064689085073203491110664926883859927
111020778320242351103976018451219926703
201959611406648039704511779530454062815
81235395034199740088635747995699051496
294708187938959575067385253934231306927
55419960361563887342157518865084124329
202765846453025862818099861060170059092
284785308447654426663218775126683076068
100225468946591966715482139796313252309
110866154795882940673152978791331507393
26582592145146758804190092409992874468
111019658505146507214753629617411246612
308585765380231185266875699245246704769
4654674468320586882678860108684282390
217283829115894820151117378165051191454
79105559726351034363302159607995328584
340129763908410403294880264972082862187
321710489513185175821159225619858449465
330655323025140710376708295044161281133
115111757474609599091302642776683984794
46728544431393388336989517236390226159
48760949636402816177719993622898832441
182105587765914567375590775838526263216
19500470147972399298585442616593340766
283041136717620003050859224605669589011
254129780540734146246028257913346627492
330863602425599184224818350752117047269
332854278551050346872264681853932990058
118846976005209425937697065143802663006
297752613866581462489632562415116252035
110616238643028893577270589263593556086
261732811862927932127602182906671764797
17060870819368449356013142683961950379
237765236934411177243967517723134456195
25846197930336823191319102639811616973
265775733391643242006907721154093026474
67446235741013641777914936078846371908
198780851577572715515511806806774411979
326342456358055939115854064911531678437
11843127590886018531202115805621917262
299180261546820483588229250496142673003
200335705576204536561585090442073752370
161643459955801444838565867134429268894
60139060030588476509992648064263644235
149180820987133337138313122744253876868
199421772630641948191764667467802778119
81955617566963021518983502657692547291
86379271238670914218076699852613114748
296915714743281215814512237016459998482
144055799792628532160854920104158870249
150811637726674763241312398441489077051
135807618964064741421333664786403633788
97728442183193951393551803423725767652
291470186161736300561647083914299023299
147058440553681054236263295965789819628
189707369915455256768573048819882216184
215014206530047637069912295342164896624
256533363242004417494906028540050300772
99586831405670739228783558587840210881
236517805580044038291730616516440642844
315570887074427305586263676581748876119
101173152997747226128540114933752120933
55589975453643169975919077188293641021
337318796540308131444849632672584120517
85004777329783424727195642014483718366
182811627745368202321291901574991419299
259489989561377151221491036037302029160
48881646371086070039976966829360379938
25917163780941561420069868589701469592
214275881104477990233126479009627386208
282832477041377950410413440319317101620
319596244448438221693602350839148588923
150633203270290293732982303021160440726
322552103841642026952522070333963386972
194393952321894717191987493423072795987
168683547073787831473365532442112758840
238333956723010718205997757176188111126
331954976946605264253051732511478316916
304836971215916659470551623797090079345
218379379493953382476038424085902359205
336572877195135376635908328301892971996
21169598496120097199437241420885084933
237265366835764743821822413566404816574
316594306841741787359893539458204210073
9001400315857655317949430256389946588
244036957885584477678115914350739427878
193894012393203185817772676970970257145
13387158456527890514111646555714804233
160171868609861708620398079032707661218
32616474225895245266196520515619585378
320537681133477719621084170801706018799
339247320845443238717045259109561032719
177474381982311831970032269537532324846
163857342011489456283034005174241406145
233512485916243526559338798756694339867
142352102089619286714387239868340363199
243592164023284805872247559469001466815
146733460061130466387398680930040473357
197591689625377358448911761753864635098
155929756447190701436148500455251239251
150564481349385913752323392378318526050
188467665784124406371624438386212940019
157610494921890896601869395946676217715
290125278672500862097155942018531012074
17351551277054999835780658968775411831
180148707954498027527303917244178039069
241575865281958950285338790092799698728
329047205645518470145967169845988536573
100168160787788701948493786853794696028
63243059120787271756105887351790924788
289511972321476939701609593364184776767
169418671518236238412949691825897254853
53911288568642447682063836162877677457
248588063719890105138333468566022038284
24162936202033909284698145204620849618
176989066765204907154876612815540828985
72821888840872433055859606618581129644
62646629106042711937857579284934122687
169086808458747095631356103502767474994
134440680253668795612545203123539451129
173665481010395442205730739511367538868
124616021005169181869676889248274269238
260300402665227063471641747697308691436
15998895109548156701080305570954995598
181599775006765170792855963446632850721
188109793048604372973788773969170949113
328240431095080512953523302632776020967
87852636567131806571802449927727582918
327377717455895863462402107693341370727
309419794387458919138026410656984583287
205101032732390088086311061168387491581
103593351320353243163063559900706072670
85410621275922346381834432852395672875
232040269420049863824421577463674644357
169896731454070900489960601539383233212
242873104298060535707452472771688425945
124363158500921571958414674074417226865
9196080640789120633221569599408212007
124013498654204801067416953521232157973
6246002460785549954198915710247954430
142069652096858543488065062611321960246
203843636096465817488258713031595019794
93395923067236015538522925223669596739
240574568943089473310274829147505450862
58208158135163652922355365737452495273
189849174294602778525717960150230695160
194436090407182147060960933036225120701
29647783464548282508219663022686181082
55159419901304504860007355790314968773
298305384419227467867990030390193200227
57259742209443130809121539906340154840
9910344018672878869325786449652482437
151739178825590724405751951317655681475
146145508383381068455343241326236429685
80256879384748128794903114457413525185
171967481576687477148886304774394034819
166081718031469002769591775881498960275
62545235694356404820598116256901048963
96698518335111086481647219619362507158
145904735118055911272113520584036952659
314493113564741254837598462575300196334
18108854703305569375484693141420613640
317344979462062591703211423471026200998
183349494554557559252619160395813407157
142055629055475357307675045321350890239
30591227430562838905418689242430686723
286593498914857366003277557964187532815
22166619566717553622550899669437552042
326233142684606281615342130786041569264
42370748788068267257108831964547062487
207030108272711314327126834112905801959
273100785725273507761635131646279176306
219794404230167598317846386041098435488
212278324142222831172456247885829339964
48935371808047053661666107036972023038
235991921624400948538302457136938445704
170362932068810362246312380361014265429
163369957549563830215690634309465959607
243771813027372448471288079867913630940
70123109082112583290009570512702816789
335044042089275864941439645766173744618
151466012038838705363607567481934994655
294849013473262712471203932723927614368
162609248730913860182192309570226550238
45803890104098429680647636073860340481
79347980525071618337127608942607310748
107963008200786914014892791304003903448
222904441880438123207434257641621389032
20073341814347539239009250989258288701
141617284065306806047701827968531933835
14130255436098928514843234174225817211
250188518481938199159490719956059015081
62725851331967304329473426571433823537
289781327320625758657928824712909061262
221515184378527862451638101858751294908
263763044522388588791678115693897403543
42402415185998452372760866169337649514
146264910682170201055062827972457017317
340182912787761120760643529269305593661
270002239199977605198878329827328651269
20997634995810086846525522451775293711
19421546507526915045138427591982563599
260638653703998013757540402029474106601
285823967965236408678463016578179188449
336760042812428348142496844912279187053
133519444264662045667886134862288460070
23127815992950901471452331825903779721
151857013812564964588553795550327544957
84133144530794413957530481960633288441
327009692841558905791303050741615602106
300515050563606611517311186532758187247
36322696135200015900904530411538535742
84449418689718550034211627910007551415
302689389174823549812061713645001185834
259838025828796999180846851711600436979
102178531552804483285349361286154169806
100973427203178073994629432927656331009
291467421857849254857690736112767286461
283777109369603580956297633505467238172
104503989634242755533746455181946045509
263155841215941053390631617727507787968
207351571743808085488066448451235610749
130798479001018990409988465779295090863
52769087546651424630553504777173216719
65467766946032849921642364206827172484
253934889996007004884396418207866560587
63872564036390331676590861324828848250
165701911214275814432194635756563153148
35197670850014646213861300084313037109
179070175100392896689463999145275294949
176376838950592644127946124966107640706
136270961610024243253043890735470990749
2163058956399786732052996281044187416
157693265011910812085108788511319770335
105342947856841337970139531239261047838
238333990355279376791422690211378010442
13745421770354356058708043900881115150
109298804074622249827548780370447649345
53792122645160267139531881329152832360
261543186559283579010506714913172962398
260698240279797518857620354198633550449
335498064627519895605626567706448253875
113736460188071269745187810552812751392
53043840809659096526938546088103829281
19526654733525883709090080738356346359
17638848270938505539737425624331409356
24339332745393418019944644957631403899
320069593696946318309171182760412314838
173165523285603059285054919425018297908
174109501167797957954356219610295782774
6969553360237651487818305859589633199
51434131123479713422796526350898830105
21218024107404990535668588145434208397
248180801611172854922486970374454136601
164825153254592906479535901305862101646
195070432681606967552165798350536818890
278176817496690099790147369971232372195
197698637224353617242174695094180909512
291104763603215608981399220573916112996
2785913527097460573394400993377121832
6549660533137563165048861667506263964
338576703199747442191288589918810145676
306428796967439677867644831646339064773
43160807917666121831818909768630843403
280618028966494259937133409656572947477
200844616125066315361531544944448261957
47442694105974509333367377537837860391
312322779660430612008479895204645156413
121890691450415216530875724728312416207
327705683806600296150044666324412298891
133972023159126415919891367927323004275
82667569923751997778857360465309536301
305361315180152575293887616428314911401
221102885353900535549634818889675360461
135765350514416292153578260548584548638
316085181107565128280099072420001163315
71853325833142276484859721038509706265
126913576532180731623291052885652032254
269128501094940281532548529324603493842
81080960941400896324861665313089883614
82136626607719744882235691222986285031
146183745110942367930258570621128788945
312138250899586604768552086549897078920
205379664118628082295261304719672942172
146866338062563318183737953441994604406
137992451059713857722917349181590236659
189608435414260623474984959403224749690
40426255375641732716984496119888231675
174439178406709914363573385596918628886
113449109497357439393545781265600773331
24858602091078971671763245722042788030
112734995748872537733495405993891549767
253703525104944256149031770792167629680
270952668044106057352800482240648745146
200575325185697123867036900418339268259
38117462894239058452977037614713168081
141627658172801828715831747669825653142
303511871109468797413101229801689351312
91714639193234019879317689709166857641
73102107241291563301695298933434743971
105016316031906400083455724766304160370
340178232817117601947032618549529350190
304399896322467450678500972155040961712
238997557030355632460067391874112268518
212730050661178223999740148290505989458
306440728142312010215251200713947028253
32753665665390356777424761439341789574
140535207745504510514253536142579612789
258694582605333787364067073982398762778
192420522068292728204372429823951628152
22101803421927143812425455455239626443
97705075793213193085729283757274319668
320257638108769058408593405610831242153
194820117829025459296398485215975082131
148910697633137483383886300133331886427
73172777221599396349093002919659120379
198817636920292813976449121141376832767
548672908612061352653475803965290031
80746833681408772223018978786979863518
139133911595189036113548322916309823046
47353230195428657691919127509169332033
135446004099076838542541332664543247662
277548753905834923635375330832614186238
318796875327565108205280296872020762252
85140072628991691619601204155560917798
283631438092472502970941795668228804220
265269245448422303373331636485188178291
251913326736762147547828916610167043329
208958903235243730721074638450465429541
30079840638049395289311503612835526136
224910981834072638047901503309374127435
128714055957382880873474967647833990623
106066422557684497017181207245354057158
268507322296386589600119213015012803735
75664228407423381115692156328251404560
76911177068780752012065583945383540558
338239486572643418896088483176985393844
222904997030414389489441070489625068347
112610144009940568910749164008728368361
97675242964441799377847044267840899212
211716651916729496453093072476881264153
85362533640266972327512057569566276076
258225459739112942375822907158971579001
276417865574083980312212602155187643816
174873077021041541803538624858237718456
156782060711710736949451142278811205125
20079798792539554986024474924954540207
287610590389786299747520145714542225437
184291876285701191182827744327433635960
170030950457506785082619185360958987455
190096471543819432121755385587009047563
63105742854575000377384369453276089077
117441942508120676869899436224528873161
325815021177427243695119170613192231324
4437497345616315411841304824827612516
150509997248752288209881294088564417488
206376939801931678471145361221334302058
232468382884927392924536043024839491441
247170920084784607488098386706061755079
170311503920071944613777864576482056469
251550812383787491154296626421787722379
334482856990368856223497235275722363807
158894123948344309166128902288920976808
287759470747863741721262073003472489115
313265079886450073264561866282038950088
306689667288686073897496901227547298386
252592840490233793992580065017746203957
322447077303022751063038817947146003974
274484310186441741363108886914705427079
127708725046025869456104800904944390173
138432979491402342777800998820896197573
34095137029380282565407629943167513648
22426384858382584767112389420048099534
160036981452814790961458932882478414158
13639974533669129941419309488806550698
337804834147558555148063371568543144248
51262001370341487304327517389607686173
215826948819938776598183711918409758276
13194854213815008834204527997776771607
123197545516538828646624047563359417198
249192064138047498788977620347782834265
81635697934923707477764558518392249721
174546085605181501876295041093476973675
97889379837133575179448466208508547143
42570053948307580337991635937059693813
31770434485790128294544322144313519778
44594889129470131863273301786948790909
198777241174487371222708413433956134385
237628060919705583120002880815809077044
48680188994882836480584551200978197282
284165017035560626691979283213015935532
253618561799665737662837341013889793414
65011034878151154617996168468528379473
251933663798469665669360412272134743599
286177622353134506721404330921726973038
134710589100147514960007741220340556019
327271405746743161959320670844621015439
128822118449048834105238674087824484904
223011046717911438200060410343025901696
54921511126106043515366666984940451701
139413548880400227905196801778640283259
249286452964479650666641147770871967031
93846252452589513216887028988829895424
164106496215819934296022494409289590317
236642688472318045398129249570324991984
167741867836646989491837638090348357418
225703702014891176493914656900547985552
200192819620488076591943152983343168688
33016538361363186854967307823974290329
49642964542138354600614846698308014630
239860205855539666042375467419394657284
65123396166135844436706036423394314878
24839471762404528430197464537750783999
95773877080226095490761775218366730990
318332197290294060634460324754046456875
82236336968460078757420602643204261203
227457345397421696839733054103893984757
271946655702384368044497146543627667475
104551859389203005039826294348071526746
106463495380670462097130482596743917839
311118555027594434589996793968937138215
226395341647984906047970926201184756407
252277413642272644210206301382614133871
66130317326658028552609572594828649178
261580007269245336835185028776170690305
218477523385093272109885432339578541352
244515445055802201780751795769541677642
159919246705730040565336548980719734263
46782553722434160286073826117513699778
216097449307020759938371434854367530055
173992979782041732531992872931581683142
336010251017928323492353000395444378259
96927161678884399121444327021677121996
221415245409565573892050242470876699619
149829229346195304912505135108432742265
259758158176258079749940739350027449270
145579596412736168422983176700871621213
120431496567053919683262438748983128244
158666922048639641551981676671612813938
136247483031981677881500060015267999566
233061306113012131207511233497442025726
133548052653264917706283429865445172254
120646909530231695935535711142737388588
287017270339589234713172509326402516878
217233154036516023241995334890642983686
182304549512256842816266809410635738419
62978662883797091109119128681341876234
21066141628782193618448611900862624559
272957811052965419032676915503664822048
248480574944276475352376020405271968142
268702297596030609760663946950139230147
125129363488605973327898621510297558571
109989390190576290505464253430028248734
296858586097066642172735477453066031449
224013253735006945702951440196147456948
11682431062498975418587726349900361700
140965582059890367905655605711111718841
268680509106010782950788681995312109423
74359376808824646895457410288835050107
203265248556532396438735637360691071780
121523674250724097103101682500124766165
126648707943817240846649560469012777274
199573424141079470773690014480506386121
303452865951214909889438175112366439156
190399519377744043376018357195699797200
223982295171224717403509912972355389849
269612752220291280303894689149681787586
320058317411024555845528606126426323379
242702066743213937174111754134147520314
284903717166770535462893729496076801862
198787093213275351146014897159727953595
81622605628300448455030465123514178187
130528925624943744434210633065188900761
83838523714983451948871970963766444578
32035596673660366828853094973166387738
26561005065155167795832656604889206016
132307495990897340618284854819470738078
60363236744153276555863309787734225749
152300047535823334422972518068830556164
139320059105839044189456695439252677363
95747492616275804608345642883375764715
230975106387628320319591214216040755924
125358711919171220595126237939523777963
275022120843479377686079158333137025237
289754630683683714282517360450949041597
156944268067904986701076025214024352493
198079188948463599892732795474082451390
181055165788129811069246272620369930671
198323182386354923272331702264336238018
88977484503929213517369711386635542701
270089265520831312462435621950442729948
129344120406504160779005072460369404737
7313312319933962355681253825111918275
172265443862109387214324164079879454581
72811547340740181470531227838989216918
247773927262608557203033090761378387325
291034714068895817657292650499089518744
323724131407651903899348730391422831234
52253156475053897572350264527391539501
184872630199013194651099755193583649363
153132707071918146530636729734422303827
136153950571323645541644806165532737682
93655140625579628392237837893258161927
288582134263164148858944850569041637677
193596710409236159905221350156133436274
3920167609984605434565344843214222371
304589913655858491777234103786959274487
300612620299076696702074256761041285555
96028610524928923379763561403497237513
42690311531494231755752602455213256810
210980829467898461956253366981702726995
180680428377671818603193541253534259177
108452106700206650138446587270354431161
84446134029383740070732756000994601082
27495176400388343889102531685020889693
303529580410046267360596795415030271894
68712063807280333648900674305804056679
332209082558047007674484670564832073498
134272664493429766477938309012390863235
83982041085820192618623079581914456928
252890746757961498309696472143101687568
115116880561179074928814985934496159531
283632976474802814380390883062867006273
123857319916294493784164792247904513752
59916883867160332871285138265902925117
125092947264753813175746012497267858174
273174408712806375178359650129257693491
78430020268328295785653593197781462866
74956058423022874589758015801168563738
54847719898162340988392615823642490979
287519279311463312226777042210952791363
330057161680098240136889384228711192434
128105275849759474853666388926052024570
313324098672065986588826499808072466900
266920176449523356142315233234912446091
113372233877009948521139804189743823452
287074818464681231903564798334982082879
159851600010886860220811411845016249523
124183507955406427977847806814490235960
299758865755990531546864056840236387346
112511381978478100658882952075045821292
142607297079354990035187436132753193184
323071714211003692984380115298924754352
236639693967497513968690529296332671448
253335517750445418799726608651385353367
59702786178354285818579393521801122220
304440082642020650266648922980456959862
164997560661163979897667947857840893967
141275414576284570313392142760931390381
174289647890378930125775714048692537690
20974008353488684897865614964803283559
261914851841073742576109189626867477129
236209560181308371418673128354577838027
240712156809825100861254346152517983427
195533575326970361307982164851354910905
169910251832368952851038268258362496942
283021128078456419092185830084281149996
292468129757054461451304359197975706140
26296095192532840069413970880818418556
88066818151699468491465190086792650150
81104618931988303505002616707023479110
66642243126280933382450364610960117727
322762950993091306942822864052067438438
306906168544733268169018094680354289487
5909832759006181984905276437758143039
312042305779173326834687390804415120423
169375536916454202302896572974794225671
231289754117711312381916517825868120869
68559935901588567078669013918280033867
287991101181239437747104272111519709083
234549325819316373458162355372796552118
234683630286815519207098072215607673177
276190121072285537743022952882305457599
240671750454311224656059295799169234952
26367897331180722818015488874205122415
114181397092124313382312326948040268989
122640686919292071466254044394180654613
261280531054585059867081236428435408803
45658975375579019850293921279804346862
152334149461037039332179366944532070907
96284596042290253813619094503127199341
155574492708928007451038962662632170615
242183642886063428123503056928797437336
125787483349408827740259183103352496455
137149174099654674584372412937221852444
303628590431851390606068700295465059337
24105041610318124938142497190777912534
151971690564121597957619656228561793841
86563930328924417450282156098314471169
199224087156215289850417186432644852316
155230960807736829518826728585799160838
8354589080051196701269782204839465998
238332119582062613083186248311174802638
256528071563590723301311838474259147636
129383724196492093338949008478821014633
91674950181763491661472293681522274366
94668668486686425566263248574489246659
116091698461112586636854669448342130990
122454516461557833988507255470095459668
309616114400818654431203409191028774617
120026386866797397818576086052168050121
231410738527070473000509595853784538160
41196190715867550617063005499497017080
182695259837004943392514521130161193537
215124197152379399060476484072011752443
266186114736654405172587759604169746087
227640637847008824369859156114050268332
259089756708934702528105555841169656717
214152196326048667724408263238532958842
218903375224461454605864108718188738537
264936775101343043161345625051817898444
21029664558712285828214317764463259447
179234136534641657557918332075564823338
303281069159067217225365440870134375689
164844363073165137883276607157655846116
337027495723552439679007563080375495235
158503433126924702414820585736349735225
315265933105713388387789394942131434096
4182294379180894639294273284120827436
116754183910196784756841355784793173095
75608819691152441858887230626338448326
331938344914778641479745065112797272093
287335692430325181901838890678497504695
62759045911175342423547635712738906875
245413989031882551940403764008673754466
184785741663587667105464611398706150563
71862639511603793745298238706781193511
130047225425846197725519923005100621346
281620572802534234063523668704267916059
262748405782933266581727480293545692840
40165595576822088976897691556251637416
43390212590421152543261249610814053518
137365426505495025350869232916707620304
306150672600684469609980232524123968227
255496371601058239874223484683909400741
51086804324488761541803231436626768490
295323797317634826993935466624757116934
25098014851128153497592579690714434752
47360645177967188927187766793454052414
13495100647480098612863936989108896509
98378800619014177243040513388808844578
221571025559113938127639555808147333900
12255884829079614549591849903290786364
188672827115307836113677218511840915255
212760652053427271840489091514093116176
11444377367689953520995244755189473718
31823974869485600665464387085255000902
145983312330666821705980381214386993695
178637920397895253516388328195399029015
163164387765783527238782648229423361076
186879161129954917041399118335842003602
174986311791194205356568190502567067839
165480129037251326088662079525951453942
290553129207532648566364268541100567213
278295521380229215175748538105718035205
205761861296988558298271376559203361957
100168012296694291863408505485621342828
41243957759231596104260331246307006966
269646761537466469933662392901704626204
244564559542520367649395750376114790181
313098106057729843675123445017994089715
303617042902219774846164817931821430165
334977506504248114741026445884463873344
304716083858065526744174433021691461028
287224206767075057020278739114937524185
88921516408534497835055730893610183386
149814543017960055812328833019120003739
116686627893539364207194659024847900301
271349444676799355760816746035597719585
335569432596755321764832877794536993427
142514848175536997929091143306189285784
129782529748789242275152898768770917013
192042302595477187417752898551338366487
34289199818198768468847739399426282376
16074785337393028897569450911616210691
224031465734051221499172450872291802784
280668743823991775996846003802677910582
173517061573671514287345496618364592685
311425111463695028435213804402871264058
188087862938162450435994250814953515328
238042517889072384992991850651729660571
1848945191798034190988899695144854791
24190868837865038521343896282969427738
15557702803077747247318197316576481841
4190414329288715417783111624797201070
111157666780449457227170778867461923546
100032692112986154675139511864993960658
1782884644967436587091784524364917478
124252686720892960965929953768115836739
310378928904076716094248980427871678308
252001117692683931610588091188444046282
292745292477919088740179727921542686916
192102607757310579613301635401071978
243283870603829577214417329327406708004
140429814157844349244326669870198962666
292863867548208898576102786767754007961
277097469468008220287083186852199701831
3809727006320587281937731142857770745
282549052088265390608641250962542361656
145104202958464940550845891204657437419
92807756551087502607788279100455128799
118878336369113253001180158325372058056
208152870762187893478333577014435584644
294618459300801860875377755881768706936
110373380254906636909090046528462190354
122233735175189370200963827283578151941
326676321047776364529537487155085889063
123881132677107520758545399052699297963
305997465766530018934444188162576548100
278621520471773563777334861129056459822
132601577102902775866313639452102165205
179745006782443262015682628839356072162
49996360159871704423627930536834644850
252904893788709672240170889199601833141
136686999514879202621148109767917271982
299566612680990007815378388084021790505
225956723995267413343954824379768626474
244919338628862281677262101586158982512
295542640691692670862623219700831460120
171703138195381255937235744677791555271
63275513922201111956365528558474802729
218440849983489489307904560633808716585
141343418523411907393216185369235163486
26531888491516758010207538290803582893
105788195241488181047585821237158283082
204277967317412003891161663132339267064
287531819679440145181291421176038714249
321879110896379531469695088599202146251
71783143548636716620802433035052575288
142377948082995636661311305976236390121
58086533855988456668220779515668288255
193041042540132243077255321294681172564
214834862742549175578227309179090890675
329123180372453542317635972957170979124
85775535975181738970554804080490398564
89413381830963594867912577060540219618
278250203590380703039555433468435188665
324266882434055990868181997884737174418
219319936217483272813546284230064320976
565751797101089888348417824526215104
314204864643874191601191996842478295730
45491340562021171198690587553420702646
76350315816023693714615097113460164249
173705904494826348975894211635267029641
160786301273509354469351237759390282937
231447130717011388168843416177512294060
202172076165535257680656157613110604980
52077838242657566025183538825972853578
106403387523860641964371976010324162770
107156845658138259177729710268877992152
209151728726699985577537777021414519131
237699344807836194540084203342194161456
284559998178173704228128754603548672749
39081862100167874587351448304893046656
302253514096128355251139059237897964202
340258803057574448541042948132052477557
289518796202563125299315114279933248364
179575090186098109542990987919752835190
49030790533366986092899440372806608165
336670556105181006850808663593116311142
169403265308254978676475289314127641855
244958752443708098565032117630292203870
138430956349153280624530854442907194189
271579139966998133577719909534471431256
285484211337208852408952939121346627904
33861534335047884547131205382947678801
122579348545915257143947648455954789561
35026401138952383318662104567361051076
121779028305768795213788972593817540300
327661208024347764607628587200460289376
119269342504854497716973555557328447073
166654353032671977579145541225224358401
164540669748406115464031227651663384398
236521392408803967663807432282754811806
258969958882502752857091384387304640480
12867069757475665663810345461130005829
209028275685002778952425090442799620935
171915235106061352240176826702482219008
97392998239595995378134078697911725865
295765380390990127753105851040766721840
76815629063764343379948523985067603095
151178813443604158181695619218041042513
167822659957585525503851836435151136363
172356406874391915675184042798275541719
140701941474188815794471294561009773366
16743994084630336366749222617235043993
278769532245012264194969756079395826985
72033199003057237618938743142155552690
221867674369767981973326629900535683290
308992773520760031074197519455826405027
221378191826700722304511812208573898310
