191764285485268899249098739888223798884
85973363652333433391052750299887961834
314156590950843062617372748240675509780
234362371447053357148978800705383125736
75873724908886817758710455825700137876
290368788243798669719214471868452256911
30531612449888016868401245289545601877
141702128375138038496196453049701276118
122009449052410978139974265197079542535
234510312239475703701826822165603064685
62018407859904561208092047013876899469
124006627726257502088894295065360926148
283370462801069469164990863133132157873
286188338252000857636648645983112058684
109017234909722110152166502328103787868
212094551120949809215939536027095954203
172080940009938348757298484346480884739
122253420924985701686249168926770862073
279562797705834911988812884408342320972
193870437328496610354064909126060669159
36917277421978964716977672868930160748
69207176970969786565831698029699889343
153956855406102219598522957439386380279
326666548754008797291249215763074194099
122008612579958806336922758974184345985
48820536107407187244727523041681881899
212004522308668455206318087649483132743
113464800866633749659904782825763853145
205343863818232416242812495407318661105
96396085769115433378737336538348487382
18317980074187332396800982773703049763
306662833288539740617867476431633846596
276744756716768573075999211337871947382
52530208995831296275582462822725641922
308400069502567902313889570461084979895
233332954205932177312930231984560233160
230397802556877677038645340841107197542
81923666842705359727581644006450188416
101982435254753173486109275571684007628
125284785485033910582448165988806245846
214157451634174656311646299419618585014
46099170897986722751742474711165016353
176518834451386450245138086200181729394
233633100005146089346157857214656280150
211357649116153660703564187353774581079
307327354903839310185609446441506956882
321477835498356450756570737603200967763
228416215545379026888969851340583607418
60591181507394882146326862911067071631
181549552601859661842240206412371471000
106665549887851094230608929257960938480
332540853749607932633798115697545126656
96124257104743595231557532342442115946
186500410210822378827084113779079578236
90882044523771312727841220123858685165
150661631766810998986688675172998382971
65702088956859350357324997616152994999
168721423672444632861521321822019375966
76797067216933834884869582072481405976
125644462046197590028851822625385668743
256392751976999946531069059303373353649
145055643098976883542316267291637266822
6682892054159891316319910255094017370
131077947194657819691251438468256278870
198411562060205517782981944791738670329
259551450794395696331506819213378559203
111014084683987989298705205118848018752
203048103908775812526838979347353278213
38073866285972620667483977804727584334
201819864465755288985032632668397219782
24630343141832639705199112125985807253
29104175763066605488536522038193932271
94340901278900020717280333921409955582
209941865901122341408165591343029652642
246611932996726729992820124871888375455
59476938549839614049542634410085955270
296327220354541601007438940335530116788
231542611152082144624883533283529208882
119555333629008662596001901285105504949
285020767541288762174348770529498268846
181838726126324434760793064837677096191
242818317137935519825141276162547776621
212070638458789155972621192907300405405
8780919226461432827087392549067367285
297040230172045520896989458323665735183
263418432710223232415445377566017862353
276911247742363488350155184420817088966
241372610294741739723219680659096555948
86008032982565088758584371209578738146
149909353695318835833526642975346241131
337126014059064292137889760544042956578
16394356790159770093690618325965348828
184687988717480527396910043085264445911
320856240178373230278315257154495039455
239901771880044136892238120504813218620
22663887132120270067965484144635559111
244225215161895320388629895614526805576
295125756513304189265355218819521133474
116371698934716263328767775049818124712
209414245819638993212494560651475418107
337097586990617754487324405001976650349
49626107048610278156111792315694567967
328334568894418101698283536913977837098
40641371527756793748085270347343795475
161959692570020130901838151216576144551
277817310654328573279877146904305280421
161441988874569295665801720909031322295
6645230106385986436586237071715329420
53973335752771922324854978142839558598
323853581759821771417117794074982292536
157605560337776359212756247419698863261
150193260649192412102854435070255414894
178758669805589976288170953167526335365
256004839446641187802606701872403580647
316720143346131079065971358744206771635
283835188915661934743175443273364910248
240520135526070708985494583092279075286
329428898254418176735057276203320745027
189021998166111041614491896319344236958
187407330696551628628561346002865014315
43659912341129280649463176723689093244
27090979174824646494869706170020734725
244832962002827127727816481715967500812
170443945739249563461871150778779191229
328160791520263684568526151438958432811
38164009679550169267516617316941781892
183243821902658497892833729590461871383
124082220620194898755006858318455389415
217584462491549621253493251703592680466
238765865543276657200657075898997271527
236114926924821349087954405029784528378
130527667741767566045899344057431584564
2364313859962394185422807065545578484
269761872236815016029702064914455493412
73323237687639798643778536131106575028
175721498784376597183771833139813504925
294352917232082017660611693980428030344
117878743057514905005049462447781697965
92407819287420486473322938529178668677
26827669950517857589686428870634589731
12479594390508635669884334359042208360
230574190946670370091518481423290489518
164310720207982439623641725129872095539
291223473673917690728366500086929616421
53012025772249771592254820795208467243
272126853480693651816682012725513360737
250953398042366700359998800791650288314
195502036677964083529542736010786992523
822064229009740664614837931527595228
22803168595871872590276855679054518484
117100116027028675876689280757844774517
67884947125105118650897597446391107241
321200548491701190863040167200313225322
250361568003870650106928623879617513315
210815717539343575385113727817525296117
13782774498842125704527333318534850581
126385588257188376161838456787638786873
96319092597068419873735131745930211893
272523680534254384751584889003496923909
300947192414300938886916392917425094906
142513742094608925737814932295955448808
67764483310354788420995839062054443363
120654208319797050820460036230129633424
50987248073438811396348959879967736477
138448715544703122966957755662086047138
168638091558531090730561533381990199763
257195680645462403683223614884377153665
176360273782232382137189982671206740955
233743477776465409349567450652414581439
137950293781760959782384314441860585092
262333957959838194741797774992641187632
322601580849577981392573887494575979209
21409425455703622353586151276999764932
60323672423817584339926669985303187760
1321592493372222958634045319045144636
17040957567912221217529106030749940052
291090904430245817981602516531696605897
271247521226699336321150010724755338004
332118988170027903262613147255976337228
19007714183190162455615581609727290922
123466364490596452176986334683333139496
201727822083570980630451957900176552918
43419850354539945907054296558613274162
298171092753949594908192466274113893162
207989475304227073843351326704171373975
145931645085973497591237558317025517370
319151673996638463705170218379976403385
53210499222689560215320213723203347582
208385891374526523199550824802833780309
57174804025915975871758198456198908757
19997883410237748934471544796815871157
161725066006269160330545892975825925826
231694140574747800278182205850871851827
307213730379112874512496629024417649034
216061581074955782895377262792656902617
49220143943847876043101819571467955397
16957470468435301563456652193794439125
221148739015945301680209373400349874691
145829239076044864000630880493781823667
28935657217223766445995959247444983035
279632156029222536462235658046004849632
322506526588233023290822927364718076157
183441027784989607318536727127552200974
79247098883618887062861131977109139739
44714333672326999552854177073588676151
141642587881917226523171489258897705625
289310542877315066467543306456896265308
51762528021652478469576835579254066623
97167491312648984499325857340875823307
257731663617829683351754252553804817877
254027470520230649427440200010049125639
202341895747986932950857965777165056154
1470065947239902821598008176816406512
320507516672118807105313680055559257966
223269250334562136581525862447601162968
127304576764867655970178225131068110914
49236151199812329211675980652405994900
225074595443402469747718177325009468608
10182645196377706243298759052122479088
336463470431418269197420868534730422793
231491302562721743368357109623564233767
113144206722558410503516058486589298921
86763464499666768070059967080867065491
236102645991150125387100306863650916442
87445565458683698821071406916387754510
171596393589164801544258919385773749196
32979076795427977374489751345187816701
141567021196550999415259348637309004813
25720885934782479870596642418809597500
160976688921280110173472410392826313648
148365580640353408525018527688200581919
87062444840210187611363630297472107855
161051314878414776397438384140049458994
256308141028757925766960337344560010205
318955638580123201350712191658140059435
76818170834075282382536955104041532672
339599096244974545035198886249176492136
223306088795091041605776231431587120573
134041305726217960972775417128981138165
226980089637696182655436403539436502932
248159017596233597133857124972536628199
193472976065335196547370668453850044309
151659580144055441598565015821390732600
9144709993198869892270455608345296601
334419172271850764309483736764994016629
147892502113688140433100203277357275908
72299551539404480866480406482181660882
109601638348947303119625627204526501429
36157091539933078598592677695145645524
48333675636180134455079121727680112311
144481341189209386188647484071753565151
229395036371651483757047563257367956171
135927974912462905945642863724808849407
253635875542486302263302671493845281630
259525466328898614611908782905357286450
267868130673835607043217642986316537834
159200523330761132510567398403034982597
86830288842123209977871752401073801093
291889262362914018243884361352627282298
63047092960225082154064925259546852411
231907732091138126848758953875627679382
2920423885336531839601239088353964993
291789183212785945603370401233429488043
50420107650321206035682058288908961074
84475943567810237758594116471684343054
317329054961088587196887370561728399388
185346795572776257197097194695205046464
213530311927257341453968032745026730131
149041639714557495941449611363866261516
193680433785784326619662660613971579544
334182447245758571609422359818863097703
60858420329342924702617429303791105225
208741648493509646758070127385797021957
205460517662291940792182502421886912452
72794006656977956564230274633099111548
329708568748461527922480352441134201267
156223549046585705963583862918678828669
331205263117594968261019967955043620069
81954577887258319410977025507556295900
91943116648747583597675651789848653846
123194092204632691770524765636933757125
133544878722465876411335809553202425381
287732503689986236071731782112883229179
252333215729786979244783513024903400963
267744359912225063995210377060257790457
283915917377026720575542189032939927174
138782032540748854347783134887155021642
232977322462438867175119724163333759920
209184259490403605025334685367551449056
135585185076775974730670056821065705084
169097892311081471267783763539751449559
88116187715438639824629906436447603988
56140614071501470747685006743351841305
33284584266154015668209539239101472810
255091628595700928993609959444491970006
336647435164056646550647821812855442798
175162939580523912876178783062614711429
162808348770981831418472227745993442678
42842900114074237639695513922596544088
326598206133975346228033577145291816589
317385934947696756376482214378939219679
210375716873305216675213676679572736412
182068236914874937702033540962030105559
259141920412554750767879841263283480776
99101137706914380047410292577797816884
251782703548007993703048022630310250469
171161377545636600376850528677904980899
209924958997323232980230700399768685170
68025639173812704115114098703692637041
51134155374053266943519119132972570482
8291986582541326033543596386105071296
31437653986808648309949157000301465286
18045286617377248765981901082922264554
335309073704906215301041972449257133306
32663655133425426982341540529571413367
24443303743237288162609926204367016543
92758109796806816108126107523442990784
183058633664966963886137979946193952936
114641193752069637437178716606382004331
168322534023641551538171700954947766501
210684148441018475910171150157118097105
69993984132684276879106144472594902573
234701637439463553759217002007439142512
272944553943131639907775528277559755030
84140882496844450578469107049505364512
188100618799876289588808249913867676649
210630192042892306451291917377434988742
225877659028298242238853750929982465091
167385067640666013715969671919982088315
9481041633311042946352186417798933075
229092769401772370778411115869034213600
36098748488327401712735623945829916592
290392552799054851902079488562667494063
133091500260980616938462920546071440394
316974585935866961261887319887132553718
81330567393974808865406139568588451695
159676153344725986299218947756593261303
306459865600405115650017331715027824049
260836685260027435906940047943520361363
293732565368042069494735473720977158918
143871579640213510657319255238538931249
287774976579533038649928425977719581522
4425163186646762938712995967350246839
120634914543553251010677154273539047939
76463815166535482167339541881888889502
277575197421843126210912040176507915946
287226391953804777383314712796095297944
244700233955832102369092900303561871811
65294329878642119855378037289637796667
255312116579684100799023727407165948233
298128679484228853683033666459263457649
70807028675174879138535152698722143510
227546248796375887851289375877208660209
157422024963381579118939763298324242210
316546325478622471148014263825198901168
177786079033658144222595875835436590457
20897324059124377481014306219336861333
134124130574322815185976855945779127917
337915727203516090708997261684446716829
102226538341238956557468416288981972466
298553688130635082051263468058402357153
86424502356249338272322137134956636089
89190873205640304146150687872746007279
53732125471455240693508572107442979128
195493971231191497646477444417184118274
63032550124296370772991837729275875875
206580973335702240204066834185371503879
116586529523151410373285738013308969802
43720795588840858379315226739204511550
73050367025882647239869938037112855095
236333798684123095471842457329137061223
209538571509022630112777379275713970828
51888150510420268144339089408742881778
287081432267880601935215046139202820068
100696146808612893779337920873345366326
242169232486977847311582684222464393165
43829096599964830635997818845322136765
70317986322758559979639565086079171387
323940011967533270938609920093669821854
99073838946213154221793944359918669017
226797989740321305926601696557727348876
223020917286743097223480318413957421372
120371851771634672101684071737292435919
210164231867741521788608753807241158988
16685268772871948590220146286954580311
109590250299566728013878423999705699085
49109256177872522922018330851017464060
93415555198584559165497228814455604278
20117056360262823353729959710299231576
7924712640590734840291858439555950604
53256333650153323371195263427009230554
43025415270431891026558453023942234515
56071148966309906303673517805130806360
246362577940722852427643784730609990307
124996719820791282057475097186424597510
18494697178846215175363489506472242307
111360003601568979448004055987205934845
291448961150071790233013069815052994919
211865186537449144987691896211673817610
17508421924176875365650894300197068212
250664023992431378281738943376659702356
311409896572188939170062851158910405043
224550306293231216799082537662502956428
232302415112114959638325320709862084865
289717829203539052996153929220431892017
216267903149490342991344337754073775928
175237335777810018904643699011192871329
13373013209445900885118900953200901783
203477686378705939935015398058539848848
161472175171200363992830639506573356313
183354280151997159698069293409830175658
312287722136528959430640918118911984068
145344489814932751439331177601956565022
81405911430674000043528097139759339774
84287869841705578052351331875170641218
254130182844347041619744311577306386508
69907814019289803044652024232179283123
298101543405807330722838446331437765645
291338011305227013766012965100203358050
291850173961400914535536773989919680024
167928264275765500525120983882774502064
41185104347627722594246206953309047729
107960430723317424699062561822191024383
168590104860031082650576234024224040723
256027869328618395591972398113700077630
92827602485604483092133858685391093630
222229940921250309637393219004626690653
209144425422668244673368436271192960214
233952792853975427352109346604185021427
239361381862586703887838785867204521695
265900886991669427326636841734806429844
194068485276509695556976763374268441462
140158534684450992789109545132383969289
42155065008600738489760121026546626255
197563780506963584898035864515398326577
144698981674150364087133144662516629700
273085571193334387316115685326623211876
15093325805605675693800853668093367493
97684439208699066359211629094880633157
53796285780368045072480454385464844915
340021045201651025547538334812832200433
279965698306947193615514732608087206797
72251404077851543170017687721373832041
244359571110291385861940762562029571785
53594924686615750627131786685774765101
320690577822188042793050326268015387972
126296337551754301843707483795113821391
37469767250867774491429152725433350610
161394137620369633413749321856087043394
333949324652801799871321526174255341885
253409601623935464122256141052929385601
11335635446267306798421856950988140751
262554590656848919240720096738079542469
278985501207373714049676993981176631425
241202621533323365246442296775502302133
244261243722537062834277617654229051370
68593293252684411553213944398858107943
194485000570897576392791217266931613552
15713715185080015243873958715344517086
59575691313288868875526209030723744257
9126848094792238874715661962696574975
216081634863229715666593686245344733035
302776587795809531338260794869614495860
138653242557558303746479820138986533477
170300378949505189189820651947618215348
306983058859444253511991093946705300359
179877645195640270415016301958643030234
96192192439488012846929876773109345000
232145004266848572672095842151955224308
138572221144224910952054904750886074628
4463171317326662937778309520907307044
214506418536105324715248764659951126066
82540088548068724496052542489395344862
339026836575831047303428139009530507909
323840468305839970373887819167204184473
285462227461702089120875778185553582297
280596062667799859825822696602975125676
64038899937739861001917153816946362334
97335608072615444387217534053833508071
58700650179836845182582232241960683459
49671786085213609818637649118927223387
53147963389893542296305659176837743253
190901936846070622079251616361018399198
4578205768473699767160822883461604073
296763683525220911475236426695353963678
211401263008731808601950436824993023642
41089775673976754641717757615816407718
23909577341126956288932999713933336289
72348411446711566541437526817330494693
199253711596571246339471490636059945221
185511063476033984159105664471560615053
18280834922686925151248252982923597535
86921803318732578521030029435175078479
255034143348975592423616685400119594465
75848056947163463041666397147710047190
62143400520055504865561071301133864325
308905418700243650947534784390000181735
72970704612649749927783286234682855272
339247542553533169539831685325663711161
58963041306034788708550438027888770373
202461102984460533418995440742127592806
261333191439403158437900182361781560980
105719658090622615538709103320232443379
62144042264428292824390433537426064913
201035850852047872715015450410390828616
241254229244856313831818268115280264814
139489932100155117994227519724493273424
253829261659678066816714689681936711413
54119117654022972508013799161522810583
133952690525613301927222905142747959345
174132931843110666436811684825830594194
306188528584303544905724879208425468061
279707763369880602412259027659495090827
77524699016626227488930633380422685393
263442621995902637348329669798969100091
114987623113441811166310954380328785159
175763840638024211996633731090950125404
319316537405207512538524221302701104120
48407425923397551230177983401510515969
337436830042131439967106293576048408284
46026034445235131160015186913545073710
149844167950137638239039856153859475678
300434858350241506280781778685156242527
139508979848692742851721177353500467442
169107557863229239768198232406385894650
165577199149594111917705208725702352137
105758544687732667868862861788777912277
117314446879703092073984310934832228325
136729074345651127831943078354855236760
137093528779948966469793601188406910984
313317431801933043730296252396201151149
281505015659171584514738402785831626112
9033588184834891781938212471093728683
37396490382539968702880628457568256876
102511639887863462512470545839188363128
53151084704338408508449845811178304097
54105590212371731299105819694680481917
71558780668872919579781011477086829025
15002593595732937579842298641681955725
180699809472017316205114046366958213149
231399761008794061676771173467944924140
26740137007632779172936226561407915677
296440637891459939365117989264956634934
126385875988961379953020059037177538879
133394206213788536394996305189579208397
132992359844865787156792679613761878437
288892718094257073357651980534943738859
164374188433120640431319983136571108697
182995490911517532150277580092760210200
319070674114620577494140021059507780827
298411183024623820931555196619129457173
156381575539562430233741806826650391494
241029986857573059739586752324105035140
286258324110649318644430505542346806221
287723557694131277203681309989368665774
175056803812165175712861035820344234854
60608996564350328740044996413373481245
335039378330716781737183421413794845906
51058187517859185880628931666203940802
25288148978295144284275904761795777957
85558641667847449921680586095417779095
336418346263293074723049311478874023439
257668494157374955240654273322212780204
50112659408947671667118201227891309402
205827702251104734165914041127667400510
202704880501072666514387403764253431131
238151386521316309576391446330217209735
207528238058073419500387743402832171216
225410969472332588851188745380019660740
248104923216173745749066197351596785389
251906419342035930419615610012555392937
297148619346495752800663450852920578497
193970796803599095631978729764164423243
296676933153746287593959623761027623300
296878866259718025714465573995330612913
279099636639135963401946220521055243523
13862727640061917409735067221273672772
877388703458886011254192322667657304
270346855867370768832794300712766401906
314317570571989391999645265614386087410
3644746101362857383945976360029398421
339139765827804943454713146279071631191
107549556394294109529285076850139966756
98479225964513329001312612701878950439
144266931651844913493550337584500558536
125935573821829678366350957905875454565
5625951343987159206789173648162788539
232016779767839070937000662070715520720
285644777505935954163012347399842808729
133626757718189270221947242458161711980
220811746419377016618421210373544855985
35804185074881744136272049487137032354
32247934244936468357356749386478449623
34521397991090134318972849539832568811
95813584632197441117470483579671407376
290792479281542231958517048214541073001
201342315032035023225049241705251832853
135534654647490669872590200098239777134
206574054861784436674516981308310335679
118098784472918906429845526260094954344
78181856440614370594372278614825942188
22347267326285631832073375688211346590
330327618382585026893435798222305619922
328570516173111269703997792232097991058
126565171591413261031847455281083426552
120471953599859411750003972390516538020
285273516207940172662901965399806049734
147918626674760457522219617016483601258
328243360590358972616417683663645565052
158988682994316681638433007532666603420
210428148997257170231603874228448266893
282985652550535847327356135082634792229
115120297830108769740726452301297513412
100762667715544507474173326365033242839
330736282217320025870501089115919699075
261157132684231565897003791328918974885
174203784890523215400727136556786652845
136373940608205282987545678253777776356
231129591587735526665487929277600260307
143648469425812767917207141620663764802
247709883314624390843729745258430255849
245424489312812345966365871143068654785
200367066491167332142237256539977310592
298695653682614469531971510334698892591
204816046744332597684132960829851270365
328234607790837488935889896439637196459
258943943391625872863674294312188557683
219039497168183365257838551708383074749
302577405141658111413164674195335553637
278226886034859869470892396590140491024
21953326704463915481509596280880046042
31960458353324766890224551128842277524
247274823553743701390407812410753796936
257810154419573068946893513147885735334
92349264620829795031693167428013037371
158289719715226531155873423320626733559
338721147318018034421399362089393981422
290496039701259690055803995193705811423
3353052143145748605929353963972914124
325402111976110411859581141851069336414
325509888346060474158356704962020197786
294879417576731712090948447173625376975
132747408818544659194881340016523782176
18656649759517428750093069210362712409
289110846585676476133205965947209082322
47797700204261333696358961826730110672
74215553033676230063047919507108809426
2973299716328368519704515871863318365
59219041679686671722663525005139727066
322337944034222831767024236466873675318
337886605823010614737327789377398711495
4475284641726018014798786710521961001
190296532843007024174160522999168883081
278961864551834755991893417044786620107
219857102035272991559124334004041123488
135610311185141585267908318360820112042
167630690465735792404148297987036847457
269253399551352243993823913215810294381
261883401389859081253720190121034857340
268299094289349678856300670806865214732
129090941777613456936046973348913787098
103219412147907708566845932965287237295
243227332185067379183810729097839102694
201399844657348229139060216380392035901
201458765009565055358256292153936511306
140824239940058011369270048944730356637
268826087528814243527918685297980293617
62447504604790891001525555574852495389
279992662132280784665868659889489712371
7135721537038090195331516365489153741
287810542313470832030425717259323618384
250468001056455431214237303455657902365
210314984125530217912144877573415855833
271558839679286599329879268305647318653
326152592184971019887715720617166465401
187387173215617084607772317415036141133
308494366641457058531045370413170979927
327631188006463288924654286338920751367
261201033259211369246619245691009130211
303412104953228729233954735295054507
112642821345946783363703058764993264629
43227129833214682700779383045413996626
334492246180329870335402348688144265569
47094477587531549750044986262266751524
64055742539854078550714033713778220471
200261923391072280620296560407209366599
119285015022581270424616691147279670295
107908572878482309739551294861204284496
247253558441817669435463873552156851520
109899440333018987698149017445522535585
179155267351371340835709632840996453112
283458228315538176163341020069746750928
16914645101654171470348810485475280744
61752922656330490567439029709132763298
10520396828826731243582671212277434006
8633450035325373537470022106206944247
263595182171711674486393969902675983374
29811321308130751262606932524102445681
301639811902452008268411243897914172514
258058601150427875135379946933141335898
220248201100015239623705315331332423078
203326631043014682598037053099262929909
78580067140708424368394544734119772740
67623358948765552363858869809727502402
219398376416093259976292879656835108177
181203405534638150317417195455760113080
191787107758094925170812170331053528006
185096091560575662065216591938449087391
71025607013901075904429116813442896575
317343120302943468480903481159022118858
327277924025591798274622401378242113113
29456211663607992415977508157313883356
112001356007083763429348832116373525816
244001952593182097463421853324415499581
256949925842958221978753957093671564215
329122473983543102068132070746824019649
10286061884127872349426554743795532897
249941966923497391233625077822893406789
117247489138090102692525533372264868321
225167088782874059873453841644269151242
299164663686460880363687909225522375100
128353827984603625522480485257694932840
262915648729414673026505104226551122453
251116797544296862052363063227910780653
211051623956568932646744902018121371008
57412003317434904625731425879981048306
264923425914787912609979467674469785455
310479803178921760999465506133956081057
80421094883933958243050565889929882664
159098785409913404318287824243639113610
130413724555189043182322232933275691456
301069152554793707049763409248048678584
332642753722839258629667542315265517910
75365293027258925340285159383629941795
232164322203193284535719101206779770523
255405663794909576949098790444649870808
53503763943228943084955507781761525424
233108899527770741983176329522608119297
248664310145644717207471410572520205157
202458933045915261337574326559444084372
140461914671570123001244921631622688032
271765095721001102537214973779966089187
318462248385536495951905775646870821055
278174726656771532846668850765899289033
271923074301829849582041872726196658991
276542915677391477778404326881941895439
120145173267876695539465340056603540339
88808551239587523617434142754263065251
314939462529914226973829826683377842066
96080798557009638099066557976164151496
161688224597691222237221931147557120871
264365282661218802887194207595064193068
85325682288224402254862972301958257014
55784466794622301052534962642348195570
196165989254789425028396920671168937035
233301031909898998382018702358807095204
117192041845494501830379203405538644014
300517085656212540604130296960608441787
278710944282961898265524473753457991551
199477485528326238009083528507311363226
62388443200764896283241555679484936863
194856450498805304803323372254729996517
327659680799917534120105234162704231065
288440241246488601555055651932256265371
296874781695540965193238212837064893231
252407234742110809402653065047550202180
7984875190772789996189814073524285296
270038461714772205197226791540708557884
310523304442579693815211116949847818775
28314509915448388195475145531493306243
236563168245264150752407914239343665702
299666906645103971940648885889226792878
297469426421827446096106952456443046177
72581646259742515272695417854710463982
37297263696046653083204800005622726175
162740412009400487229036330021966709003
242238006684836516345635122250356346047
338371893236086685709716185267366531234
41040684403873809445745187860150653014
179270529449006101699799429472237960980
247694719627951812492903159357787231159
123249322063889366378622036666624961460
338479851891926297657129541637146205755
261590550537043052731739460536174423965
271977530146005333955020686776450338463
169987508934541183108058759630201045765
331640019508570299735624766735603425765
212472172698553079562968858603270028600
102194969333797986325215457353289871051
149146004842425595634516180433831672354
163283013044733836899704777191261666166
170478781014079891323221806886198707394
88291955352279954949537676528501953959
257722577096561517646839125783415060317
138641214500992550363375454047053913171
68861509335416062891891808704984574285
139999142404538452681659141731485056643
191636775640896761292683724564173788234
270911926519552074086985720382242073416
23918659273439005459641600965673736163
109334177615453995942958623568698693895
256089218344212381060364848365523033332
206614782397538603641945533326856058969
2019984254040316505496072720553089049
106978908859163440904626112189688430867
7459324850591422180993881307538319301
158466956500828394539331484454175100729
180673627743464981552340985597062453327
202794868869180981768742614232925171156
322393071274945174036321594820362007271
213778981407747174924418906177090401265
119382529285592629584173445820800451534
153248682411295509752223567382012060049
306966204211189784733192513174665674060
237638937732054988935993853797884676508
80876795263641609991506419170227966467
156045665744211486816134008458735456510
73674536988463115000154232080838686938
316979647091328205254495462284023985003
71936635890129295298818802772014566127
29814170667938703698498346437911271797
337818663049852271811397905145275630692
103335239942125180001716470919701707394
108216019503089978397789833676612801971
307404435062254628609410919880755486456
2404720773257673202669831856473528189
264062562350961432883923398009538136269
195907189265984271397003812078582015033
139212671673219190630022387016578197651
226715878266523818263563957162279564797
11529347499136752984020083691539733023
211702813337446009387639678723918238293
305788570908067154404780834929292987937
315406138912898516534116576316381479465
266716757160740341577341676878816005656
4691614192824810351804470108329050681
26301011873044201431329275821654521095
275681396418144243706300343097891927866
251257519159193744846564203978563457747
312451818127867344107541726388682779153
243948096234405014866250014221902983603
200831891108429111663777476998381247605
234422775016549586941084727914493661580
174316250840043337680611956860951495987
64118906020891795817072238244226018412
204278383764199216733655859186335436986
190784813374567116101186220501576432247
94769502477737086262158622374646061698
73337265046650764063633198016881923953
121716781713058885214047139719605881469
6414066659953631313031683792867036041
286044613282999211719753715902161957741
90008858627844584353318952193170271049
6188601210446763212857829044834387697
187934602612418338443138991468274303029
43861651119967926851791804107984058955
283884551895815980299242125371037585299
187424939316662944682601259859888843505
181209567680181009870050618316422340211
275070572945843970598033323294473914625
111581240878757489253083621400591053787
213726101708473156147789618497835253070
180584843036199154317499366216155408427
222937072159362719956802551804991729281
189839246466240907099464647352973960479
97016426411763191019761984886358712462
310528916244172059586041627140677067284
213059766273965241481212107394514810884
2181733147554014683185948435289087564
26337588960441461345369093989056558727
244589873752827820958715324141554439537
314772169114236899963706306147265578302
66067016588055821617677164163573141750
202336067217024660482584767413787017408
112540999625533160020144626283885522734
188304837169855466835921063913247247552
124120323345794980982959276974742295160
411743179492348228502602611406542390
111220438732995154385217844332520914553
179951574953229699860234971166257165306
166744505404862183173123224212461410601
239132161562763677104849890339789959582
184326713725841960960090356542523438950
87785533123221234639222459018280465906
239296359325159170599810688951413775806
264084426858756199899130671739782121385
24583765784183928326405904454692405746
113970505066160818476748656077691348208
58160989602320752133851245306790395660
264481035916076836452669389647630226244
277308141488696890494613091437283265168
174697461353493916561167013759053711299
36248995328297831216509683888588427926
2872858607668014663696126641098499077
262252109793370002401523869784416656465
162643833953325362189114029590375960189
245831034610368865617612560691740186124
306509612171781882970599979638879939991
259780507924413395048984195933976851152
137880967253992182914066981633087963526
25853695042461141420353353544639225051
9715077261711152307146501808920126589
102944054626186718940761087367310286599
105240459573836379760432320639157167478
301654878879791658386730595288563602851
51395233030592820944708787149658917435
319668315564887194813835806048927361992
92558463528611948482608233382480457656
253739019738899070098755728182494237368
274385245337321602613711948158103635735
265391041475673717295449049198161330846
196931985455654579290400894677130069132
35160079111421977842314164503856321448
315917472135774953869372854806216862237
80048937985424620749823760271888593758
167978810796397125172582989300841876784
161478786819902141489030934217960095358
30149834016880540495162627968190572570
154142096414653494143577668067844680719
223566181642521905213437615906618024192
261657316326997280554569761576561662909
25615054016968038086402698439511291281
75255334575440890253728599927216019139
225862360160755319636249825177839223408
301811749966768222348799954017114291526
306860699126593950544450335776122591925
122535233112524020889369288839086755829
236898671914051782595564885202564233317
145463074729643894409443627067253585507
87599424491308375326920996882190274779
50573785443220718672472917547443269777
59748361961263850328010078294598175635
262634430988035426750725760931119268508
303812391794479176159393438999257285792
241456233527286169178566802870654703002
98062271065364364838788626749419894732
258406503100364617985549744267069598280
142699650375301053556001798806400608950
93113166353348916125463786530156104080
273659373298668976982011909010731231749
91835362732548223278891785179192584410
211121305503415539197884806640287645090
309463135206522453668024883976297602074
159425115803314631553046557783166452207
131370324685699341484438217409228622686
29932784062612953385944709758664263155
58171361574116046896603093616825658812
148141627697108273068951947506008430507
8661948551480429557236371720307790775
20421751990272702477079944926005138792
258888542255025323298521468080313825691
140160575876288861433210021457903117312
310821097255899928905375088998182344106
338329842110551002020645532365442626418
152184482219931532276396837082291268964
205953687856384344899299048767103730226
177859852251295178040712749471780048912
597986616866963389457527205785488082
131847807545579047405830209646244876475
87456029080909944311270978980892969086
305145833562973724885354380714411745845
7664210808318418951895992352329613867
100505639461299226995385201789107358867
215984262186598412130014160068995852743
272136528382493168310104969851204881836
70819423217999460772166221347894135809
323138146044727066855740506822479916913
211447768224897891730917795477017351887
88764442516037667164977723807075800541
296682287155510575620913272925450851238
51203114081742269884051087127596460468
71947446620616704267048041054432929507
12426686448490546259358796463668036840
180612318390620431081286103254135085037
114909615999913314285204003291109076654
308493723510841791369408658808123405026
203437949844000904235058268286800766379
167478053897501299583719507608161724661
166778383075768843387584390138730056657
98102327096151293298089319553496643266
42251895297525149048502826630495573400
103568548005804464943829373247207026785
249722489777147468246612153050396914188
91683786552107836985830930319695736639
201022250100229809423661911100407396369
49752592529860910024950752120179722979
331880691561082237556081309186617345491
26607672531266691332931567084045965184
315397132355768470473696042401699442862
111337096304475613261969808169263148966
10737801157160359610685430078563197413
9736216595162903958586700600534407229
224802595388885861320340470821286091343
327320421465756571028523883014902355244
258768135225336492458969818592198679782
64650569933978605684743564967731854122
63150183284620100357324892836397852406
167795487332674652293480762133592236830
275356731800844390227134911402178737971
145377457692025170740825247704852925756
108593915361040996754047193861099805484
195943141422666149676948465912030558248
203154932898797850255246765819739483886
58225263055863499335312510321972217869
318713960837491241849336042063248414853
141707599005014900672607367727087331941
273174675061577140680060658523125249960
151499078110434713951510064319106853668
339434999457142247389187814863009842147
241312592635750360390258164322440139678
301631352993238741898489799653399247625
303165432194785404676365936174231721864
134509308214327076428224686461983570088
53775766413374012991234974784994555418
293612970389222354063091003804980052673
233010770210241413771846322532364950406
89038751877260724132890820674362943993
58851113160287969233337075303706701386
14936323939440525113402561711690149765
302668823506755585466164612920049553390
248244940638631402627442018269616406060
79610950342389950780606995306958731713
295364699757260657147043631241038721811
316705232007650241286875517158173887874
172461768140699445965025298163579486817
287589621252143955938335489811974354938
193966366295695443400062543307421056841
110749086764900995133389981271881105501
94575533762765867229334538099779263662
116965828120019378882683102322997156035
194902897620930906336263571046228111408
184019592885691860690042134497395848129
24560518893559777902394963825331872330
188654324742692164150650876450038190711
80919220322800410377821510295418908801
218366602509971457244232663865431029035
275923099088283821667650140215883240139
277754525302403210905948542069992988922
266485143293172754728057535094240507790
318309981297073557497015932942012874234
201558684978010146662384344853172818559
280638483391556134802334934276552560359
175658440940830718888226251912960849761
313009324673224445866165184170082237639
243790207600754523934574662209600008306
45246965903523893878690798139145781984
94218068451433112852054997925746976286
115602243606498142930176526246568776373
73897307813993334964725793721096465184
314842739774359995649385061875050244526
126446288554087246423148882490267598995
12000492097119052000387156589028716982
210383012808999246895015254408683631309
117626038430293775056700136694309016569
185372232144104907403730887115628473786
119613738364018034803242540885189225
202087156255395445476354985979633476048
84876374030072320918738960736652130942
192473146667674375672259657995750869770
246399314138040625956142926861275607275
129758169765499049231730407983720508317
327863581913471546462033976316682068005
423555016652241272576052580629155619
59569933966390724199940428727275808459
44861398735847920770430163632845549263
315879429007541806577240618063288357709
122213856043245185093969968987118182624
94054884782932289630402809384753345650
225252479675384207774626421601037184644
314259564468283109867754331273627433335
39696369286080104227841737907935964432
7710984802427999579386334391739223585
166061844087755014507859064975115434764
317927092239219277550091395489870235842
213664687231012754243028839361193870442
125439436917435253155562754845738073960
115614512860147660411095640514870088499
300535176114135800257104312770096357349
229023398447427014983034854743128289277
161072562142536766413980492583418092021
66608317040378840749682285455960979406
58267602998919492304389026247044091732
272754929143182504221168941251472531980
245507923706072334581384876649682057866
254839040490610446865664002496020176990
310554016997545109453196205537102364185
107810530912076892314761667084941626507
268915034728873882115762074543299193675
41660606903760019134108989287395229528
61401929656471969791681115790394127361
278026619250101520405249514666691840217
75637476201010467690100259961237176272
163590065009359008327814467833445638837
54276612366704735770975531158047492217
205623684485614584366549535743242261993
9632915930763829374193391227778563235
138706930099847905118424079472589235059
230008417733072433450311115397874740796
302810847971483994503874323766804008778
38309296684808536330551981431637399803
101769821223128894511185244296053957469
145180947131241055209755068117142638627
114298769645036179901423887242213502308
57738848416642425800498931201003105138
274688329637552686333669831884928851317
31082357896507780710451328647415952908
136549456725484900107806973569926157477
14770009037538749381061339318759662448
133888273727508312834759647403984976258
236428428482333041754540327346123184066
222721012209618995722532873134509870775
213665378763151935896207681735292963557
240748028337818852582798295196604566423
273430724611941838827351982160998155382
34399163312320793200536088752915057461
15864103710853692868259103120324591612
150950552612883650560371154883734490502
218355796436397302158454159619948147852
26161275271811006625960773414080038650
96035169712000080448645109552351422527
162205715272448362512601124338483109927
13274201202435319610596347990503432110
292502272039516256428191713271051501675
121372126099309663966623146194587305709
190225967619206891089461907292269403945
81516002509231116932145647965507340838
237352846407374454952507513858591969652
101816751637242700697946278697426634438
7061137765455574121496105306554280248
200906986932987496857805898015202200052
17995367778202067572433169355736000519
49558379499813217685781164405686774439
83160612444320484037057492033753193861
259973055843390788612134999502682420441
189364051531719117974508934249684186637
276251901653461589741885039674472297850
111097201932171078494423738924662713446
67014015156538236867539063896129445405
308396139471414802333837866962320036999
323602771742278246767656230468384982933
275396252068714638143249164484060754031
86582249353232566980282848752093141164
11356316493844439136357691041766578931
307220302307055392977788795159313134942
116220436914519092303062000255046370424
266801700512403573085319632332019724073
189192335562335403256964357188610476342
257925450773384123458134970330899550151
167509770759881083036140555541082061449
34523102366872069987495299968403295545
45852304511380225272665652398412440329
128485950225831042213343509354642454070
10583323791116100260691520729212840178
319218848106074421776958497083361012259
299589227985348082648108321691093447997
261050937113675244764577850490085852537
19696576001398492622685508350430591294
171381502351444800962143644208427606483
31658886324716387456779381710100607427
281684327529665239266124939579004024998
209925127893913982044367670091460408668
44580248393364719047815302649488224846
20129224845793718026740945483435450243
210579493974747072680862804982036051670
208401407399171955498814570007565932660
268159063974552450063446731687102647451
60631925617386715262539212088774742500
285434111119960902933791614297098014650
38138798963307373395886606118561899834
322952112640432558599783108389620262331
306072040909010666119069069870592962536
73396574309841429250523027208168364376
88187695625185879719664480856787151131
69852317320559080464926213701051622868
319611118999377588685116214182351615009
34522810870011532611354435707728963384
175198575589841369838278222689557480265
277006338018899014881475722538548184284
35959255162024780289329830256834114563
39840065293174104231326676412365643639
45303289940889722968544013085625957653
140274869253264787475847833319111561850
123270281292266935849294804507929038894
55853633713191331356198666149835110778
317366099680832544155355166029189186440
151633254606009566485841779902837569098
315186602215795532247483377719638424094
59622077397584555682695153766982623321
137072928277310106334349119713514749129
183197581114011743854005678572131264764
337547642464200286661668320831294179080
275379408492420165447177584541919232870
35192184053130530346458718840748604042
303971414958441244127797797429588992683
221362691760336429805464655062652470688
201753392917070461625459971740694308375
33251554190857615226826041312075547803
85916968303998649410755632695658117979
108917451157089180994572772332893488082
147547759835391163586476429848600539066
234274081719168484447070320437910322083
21643169559100710093461847135383889842
60534062843624880321012806852572500104
73738159839209750865923046465204758040
10044082622065947330787487406877942437
252219146613490142625198938651566350516
20747143267258282327629063338040129041
6621821869806166110295344387847618614
24826894844715190794263970202913959775
115424008838290019178434127291163532327
77722842638551842146141176768988546635
305672535215614333449455402829324316455
56861723530176496913323041133476599121
251016897196375814835805813708428337306
164352068740472579519513553614849141945
47582274761345308021841043230584751394
302276643680367462928111224440363458998
310864583982054843687195722557701069101
45557305402662731909219290281214972976
150177259854076356873667588446925691448
282167513170542498995243498795957214546
146227358484645106191396348820318670969
14294104827159959724420240321873827924
228523833191303785332117397987021463194
5690612181950920893576060024881176422
62360163027917632459949246264789384088
79914608145596950816788892094314238454
13554675338845340837265007616459807572
251631871811645494920949126947631565837
189325000760162629363382159755907846645
126222355035366014778344432041998340232
80827375944865560282293301524215744825
177677693703722665750039492646232084250
104655254973625359347184080318913886710
169078136182866203328829036876149299552
268908692439514316888460293682705833621
22904464517229584831365114388007194261
151953731181927525545313432559434670450
271552661150243822640994434380672774975
128831763519862537396059831790725171895
139838130872872319304996364991853371359
291534707954249893298820977728345680753
195863103603638185456571287738843618720
337671732616304145193122870908597159954
224361982654304055800946008603508335438
246716481235389110026504093963519221057
57894461368962844142829093899778189753
48869386464948729653973083766793932579
264116045929922148033829505234601715691
151357518203106015838901229785916737521
273232364523521992025117635012030894897
167779178390000274267271864971193396749
330456846366280069223349981129873774994
326358715555925688885830448163869856163
5296843069545258670515475563863862505
101293004404022276989922834803676562144
208223918902125221352271032626914349989
83772327030170336545344060780163254509
207392951205376936356251827006145979636
13820783835372226223645505915120406405
237300017434667081197646293976972282494
259563291718892707239382292971252523164
48659313685713692755316125992590033176
242700743493497656625219656190815537694
7863999120093868013320775643151773904
82686851150292944742393173932684660378
171749609202497752217485460401886896995
220107520106372936996834219726762238343
17033136858037162604990747826520881531
216058138093137157675317070429947193454
99537229867044386162918568268807190667
12944425363080840051263068543595462467
324846972949625929674720420698869220391
222353014484855950753592670116844657236
77344056425769191354690394494517442351
315479904610244609308495628736358336907
209148153023505833240544783577850528566
231194563760010301975940794448045037686
335904603050265475169697556682091689599
146937109460162778125128237659691922178
279796654649793917308564665616715975930
28619195756119879974275368477771620072
266456508125653297316973721001703640997
172179527595202926420618251389815916960
238102140817584187800357209133084179620
159772978618986024219462312041629894100
10296921722949837332988632897245516216
51103269334634339247043475538606623446
218232367900975135767902710970684174711
189524043253204995012995046503593333365
93683236741734049130657441645876380670
70796692821930958401783945811121012743
195734848836775972279886914007995672218
26972001092834664415472209607079194761
226865493401897672522535212703730810218
286868596826398015610601477364118149611
50626346967036122518247754109540487548
58182541025156336744726911978200082622
148194260361798036421692967156008062411
125994260674626413447795185605066849579
337051939113109940620702169975810264537
152792257183210530930313507710223894616
331557581912022786050161019467285806344
233944655558516956160700594733937220223
2096200173268310140757009525138479450
248793339886327104706202425228557980197
97876265125319091888417928712524319304
308329013326303655348802193922260799935
273870208925445602692707771961001220333
321250469155179436551222682202408251116
259903470216184438524615879451439895565
151704846194745792872925061652225746539
289807008152693354335755406973492715740
7122968690217942165297807828457113027
8383897691163111134310398813828151271
206872205826349926700032364379040277022
206185487474629220154071825703813250715
121192885595193630723211213734792288706
269619021034144320360821308947364442766
174747670794612070092499588931313249222
311679807024606068078385677034230921391
145723278648507469915375609751484441384
228023105005030064436854086281354037694
217447205598880344909230463390191438807
149791526964971342170739406176880800742
46000241841527821809521952564176060174
182775637944020906076521524324285846751
199021046801901016975143000595726992817
287684057762694710057524493820683060108
168322351966726282821133159299093024062
4266593595068003360644011344590512134
163448289281116728941827529949036447604
221109468279601997389135415460043391482
250414846861205069960732817038433346224
60602344213244781295337837599399470343
265536216985499762338044529243744985106
14024518524383641155484081705189674825
236044981129111057237330147885430793918
139682728942312169400584439231192498602
13040467173586043559255613324155354056
175112754240500421051617641384948914659
49717093697430075698728386683145165468
287170699621841987219038172452377242404
75352378535884910820299764879107122232
107283280903667737158996327650470522162
12209571589501633235304113410528569098
191954028054260132755750064212601685400
190165798913467763728931573810380459794
104460778266558931300891414498101408438
35860286324941178551934507788370969257
192999290459305923875790849315083120990
197626810012569254711961404554550811115
259565325043277925423413389195250352127
164063875414083832346792713638280075533
5636859346724945827130502628447587688
35433688582208393212679408172886131943
4891574702051117180992460091760116018
151519143914040181865388887178801458092
204944808759549326670534352584356409935
126522935838923346705828891768532067034
123780322572354653746442306717306520777
199172925868592846337457187586514896303
9709369928153902534076174944811055327
323454893270475999239516879714305213382
205409607113392557043624311589155992595
127312791350109056997313817369204331062
167137062503764588819714829210029977823
70080451167709377414949098752845752925
138940725191190904499410409910514491348
146353438108067619021679559582085036310
314490120890361366182819025408910806500
209056431534693165118286823332759862957
231159336079714111393870437354845169704
313676518042141857468969810104012501685
17544801892503581121214018983251543832
184932224153277198107064521664061704471
231665065173993696565148089285351887339
47978452258501514749925771882848006020
97600717022258807146991670839447316953
83491245783551505061973196787575905018
299675224044042552401528292991245100347
317260188014423551682735338610939114669
109763420471561066236927349154475533793
5202226109537672631529629201065823750
105401032747675780514407142467914525528
166061133021769718086164965038827938266
271659116415012839305555921279720490278
326420266161958130206282761619983891623
313293548818831888206489020048801668156
336838552134314859729030424714730694220
328625718258400812725784205130607554477
267510627351773211814114655430692206267
166462689507206333669874626307859538704
100672454060441145225817106066087499989
132263363995368692050026492733977409998
27640628502412963320191660079599408814
171559418495475972056617569344253902687
106869672869749687125325083987222512197
8269122021225273546558160952440172235
231883742441742785999505485477305294646
333183039419275702262081242222991833413
155510705053158815269925652491808460718
246076305028752846153949970537646770265
131107722798781220468005411836500910129
85598650224707999396472224624023568793
30409303023170981471771080783772965887
107197537638347575491127212087232859610
130071460550617869245264952606592662858
27118370640878625584482531768732796252
224665999695220784072613797810587636881
323096662765584461833898001460223722332
160857044414785826724473082149467937500
239441726692998852763959654133658482510
52292888853950164955388618505720282120
314331716967157381386679333590613803749
241953691764152017213023644598665711313
49132963041605278967635263729698106131
121324554167084438200736522985707232442
221362828500809015556894144385874406004
273663049211537290112232762106805612120
118882430793873076265652737818633083127
218223731017620308079950599287179975967
30775909535324221413645377623771776741
231942201848875224226315935721017874047
196587180490089559890494934027353990157
28560146124019784329588281671163414852
61128119949270245150464533426533147741
78165202187025842289520023562546427521
47916130415541367731444430568076283748
154510920332797859041443633031214293644
67357388143884452257141715706524230092
161772390574692558556411848406685237280
160337416360924271663624711783292156562
80489280485705218212086703928452874965
75542588760985788248462553908400956383
120984555929938423196441438727048379941
244045498676402021339370752746186653864
210102841358722714519240295348243539796
90589300219750610314929186615365537613
54898264540799867930879231583990028402
310708010913521476117425442267475137834
281822335028290639280814061630168122581
164509611426543077049907040511642441223
5762157865496841454007491465822472914
10345000282741947923756186986584306032
138250015858034005031519006509198648510
160667176216543880262472774528956595234
43957712713473189919054595353971170152
45049739052714752153044825826900942572
218807213431604729983099393264254862905
142112905639213643144334556800250972932
88912620527502273380353351731048367515
51673510645989500806295952074611529771
34848677911216008381733069230611933988
188283728655949081185771831686882934796
265956579574610856037065271041758296117
320977813642618325563376448555782501024
281530922912013427785036034518722303017
102140707187552593895284320598225897839
259332298876780328365053505636310800301
297357561353685757657735409703554183917
290069025707197570338130408538367983855
148978082928169677090368433057188343212
314095872331691509738532690910824121835
120737606941330503539916519217683591551
262391159818074767139139860872278409643
309607543560742826114727711749066222367
201631291163212740332113908506706127688
330696760643989447108737387709168032561
245085650140915681683681215972074093032
280223916544556481805254308834427604307
195795865755673951633779230691062416049
286259609908115616769523282875386464621
177822130608942975481103509013950878506
272737162203236423556039263954566547112
243051457325246333539954175016830557248
215751628865361842386466007044793549078
67997628719476542720747042471485373030
111069674288005804732330574285534160977
19583324514412125249568298663527134335
45338396675164285812853243455691807360
191639425634400375760007819322584712874
315209389865641861382259878560223144132
113329225867193881800478018439740130144
281667525852043756075393324762439578585
47299601114938759427396434263024492391
22853672981603831671080363116563952604
71220396217078519578567037628699071227
275962066540800744029888759623613020694
27696627249942391766227496290656187119
101581313629306963562160760286109730158
186539160242609474955464246647145042058
156412268971526556258785722059387294226
98117730515657674934286513811704105236
308353151869059353736266922182981189768
282730716091904928206138905838769826623
49129086348147055686829210436958298625
214361893626008023784846645513265636330
130157765708141391708615078740953104596
54633344662736762594564615077115159834
101476273242650026064439231055708174372
280924505371399257027949825915418309339
12981591611106202923735773537524162274
112423309646006368400982029207064030746
167875209979624474160979726782595889236
13931493869004019016854956870591037233
298273356100780098430276986323563873323
11953070200943716057672047495268678285
293299265115078873059624962239423931632
73038705132502820722399562102252300386
102739306240157708229467759295082075172
129001488199371482634762075128967960785
234996217864306290266906823224001346727
41457004620444484007665149088698844411
311021013386112771570946004188048870620
272612314658416925409013376816079140609
173892279738440113040784362720011402109
279011667721520759800467275307077303277
231125424413109579734183572606130006624
105602939979072498245860815796074836751
183839814956899416200152539814791562739
240347379227097738269834283092855290913
17214872636699706439813800801374539916
169153147558203054327613561515416260344
272629326262834100245685724888068874952
197590468692011208957804647464407331800
315039552525731964023735761357870904010
158596595686518479291897638227480658102
318871856282746931299392718795335814438
77795265540090052290370457472721165703
103087688179484996887092326210120527626
54233334037086130409733617437421991985
333655031554545251957026677250532306017
300377988194311709272741585681408471299
267395318196280355188170438228955339424
231591633219595418352415557773024688058
188726537783582202882299163315723984278
119233662726382292561203226041903618770
53484056318559975376161502754226927154
97406678899159974278480245354451205084
244393770876498069358744405005688454038
265845870011406238145687612898956389851
160347523988386689135566901321743634912
114997104961834397143571052582585593584
88799709052736961257485301004841755921
97691197392803866422984126168875100459
204299227066652761186165819174438531707
131872345600605263469159465328910941310
221458975918387085259515102943446620036
51754266697128125147865423861618049079
213676335178135441957873522500900465786
326780775531713453317907560375094992485
148563543658304484927815510197953903811
33296988247645275506508431465306033092
16947178793044655452879818619185255642
22334211000319540347757170104146200292
264685480471468518348187916728466004876
36557711394765188384480889353024401869
191963423029230491634598653234478314347
167763739771524905129378532761457791097
167801341661501718280090998974378042945
307447420160445879191816690724031134880
48141259232602714546927014140920314854
114109345716958045284261173418807918180
133703824301618327474415524925799212605
66202010787567090992282595223083549602
165512797655168761553543623200368995536
124358226614864488408262526055237805668
251967760355420578516971774478497723573
272467519187575864102724765041466098743
85230568631028471894486639721634284581
119481436223698381560772005930185218128
246493066125944547213885876421517300552
107998517298319239891864539757868873761
223197708203799984301596688680243032140
333153282908203603441674984685938815354
64212944876384185058500101432387566112
76259845358104733339221415490986189266
87231697722573474736860500215639651807
249731065294214196077776391600229030267
235759066433201877109065972258889487668
25869058886043109580581747304901082521
38079432313925744409732615047476212846
245870272236019929430088546945893349029
26123926519889234491578870808452593391
265779115926167068266240455695897505864
127796539462367680608063757299099328555
336103980029477373560592357610361907790
142721503254504221986776753877272828558
135438957379049795627423790067945121508
126949716314173465829510853972107842224
148775825881437491454343295218225578153
84435905573978567648470364556983763179
166496476635661159715017282290078288769
294694079178039185884352866613350299860
285672656414409592817782878855261507824
162717083151002335717015156575448929241
130105314809513077519003235971810102458
187242304052991778723734894504049946782
213123068333019233292045777128807516081
324690733392725345781388438446668700917
317897822814863823510018450622474022642
266323082218830607389971005054804427861
100901222558546652638780586437176325419
329569457769983327951376699778670975340
235284076431164210495738479797588853932
60705876850898790647756392254900443125
202271081903411549059326796796614303760
6165965573577406609746353190548728845
327287839071755062278659561467768967936
135173799139809642963422552571061498235
278839626466894133688701681481348097024
318378333432520919774198961594157633383
259161436080417020758537013372639519893
162213002236221246073558016009433673348
89169171363345347254546753736734462377
329362341322030397204635949460414234128
86243259835446904143568510316350415158
144443900524977235766931161544195596107
264220021202341068566169517870714773933
150950491837343952614285741755360142996
67357352451160079368575378699253912467
5153877458574268092139514542491076913
79643835067337736395562401995687069209
180255860691682747823991453082715865636
49858651793467300547178501214409647236
147635617330699998143931075731902599643
163392115513743855452886106740679035383
322616300379488836711896024185759260311
98248117154932511036467042234978102961
32465065742061145269050491060248105280
76469703651492582876562740918520440373
73577108661963748459050054449799838891
127174820479702206941201665475337883471
185861307594678109568674974965070079564
272095538441525115012062434105444859102
31738583746064836831172439313319816369
243739802614133997220524700965011231172
247164128995781794829079445451364780376
250480312716971206968678760367640879383
121562497056005824933325987268083173246
105038646935436029049074296906892751533
423087938786798728139047083938743557
323363852310814122929412460719905572005
159378923458745363307682264818180302786
77022213079459840277360728411111950627
294746724151699738740381069220656652052
15270110477500261028974145364802662796
161289498961391424500414346002212358721
142521375403509212670087065540345397031
319045473629179888426493252169985844308
156733566020611842128971462077434095885
3725433751428869845302290570401561045
98329190537652351500547356937975549660
60750011825834515653270448997021430989
94450403578833914119695949560550728955
138200396341212993682832077022591840269
240721743368703237143395486712614432527
330913276109082548158715163297952880650
168872747126671660580180820474865565030
106379306736099277622152725594731190999
87263153011707457198399042788178153533
225960850990887839226008344547435993134
65609469516789950612924373054951735640
289444397673463838933795828949171051656
300780642704019859850277067476860670151
93507523600244445230680466777871870052
88057943500763359713657006597748477708
183667080425309353545418714553588980495
54399303245171374037283017401361552349
83769955839956575649115165725848721846
57352521314295491111806108599379518557
223420864845087575694778180596331289769
300377079067205464012539472710460384232
88508619132382382200545301152549523857
260871953537111404129716348873779395045
170165795253726653269869417847197283885
9909078635303181881186222327854430959
300729062836689337634101120560588625990
135129568443309532075353166187245010477
275783537171350675495726230816255851347
215810320723942567980478158943679629922
53381722155387683018268748184505564043
237858559717681759679370750443819404964
52581397736281508671683015816288313254
15176551149918355289762382920464426863
180844791904215032850922125219436112144
158352015308004536403030429273885184666
151801898148406350337975841054780711754
310907514511886283756392484940360992212
50647011200016273122531327956657107468
110146108827035215673925348001931997187
229388251063109724697193436915394955311
127482326016171849848603453766130735899
74960483930826766330937616643383467556
34613714212977831196218247194832360534
37173311320181393543915292036417281579
177588849346880531494768629427956625592
138648542595448757613624324706754182875
129874711303462623407495163852053034099
186102075896157117728741643452903665513
37245124465708323871505748835885206139
314841450351880702688309942514936060184
215800150034466665574039179346951711981
24375879208824108086631014644201196542
263758233315219610601684929756477706528
100351903201571198865813316477442818459
300844863933291725658976735788639758780
264082947639442766762272758565816595908
108469598065912448000973866620289299828
198150094996672968997951932617761326438
240541135535949646916311207161787542381
126064245739112326878874892685179269225
27681339779821040937083836997598652902
258875156675167798942587928422720914406
121445298143538920317400095790388580733
117888891077831043595284538124177979399
239254744157717615100000266918754436156
117201293552596158712929232036038340306
266117085278771317594425573872812650301
110634992633313521611788876310077752743
95340586640347526452335791343976683048
334114309424407406850319140859358725376
51299764448402174013452515124237956019
137479192475066743687704009551708058759
67903827764842966163917319919458747391
83136001630488180807311352604337866423
13669912888492898111142296935842415455
45993345218387440957824691812354178388
164737222333677378157755503312318889004
205183209551060865115975873439052482644
301663199453663477674790205731042669633
237158814900453142482470524609157666237
149079797690975723554584800716332865666
301870358463458002190102570456985957465
272095025567031250960380049387199535380
247338224177145746694372256027770319685
93187217597471054025772713281723789094
305331959130975244816643788161816042785
296394682775063997615073246460698160018
260030625811096078754585472469740686925
241280827583416985107339497871941304035
70414427879684387861550408385305449997
140675885441354070856782247544389921141
144051553076200375827023765793349376463
267572886625538343157090355066101129787
65331457792883890243973344445467733028
230206343494064210117585524983644682445
39694639203914855835413991417571992694
154895999133856075410396362186295193464
305002409787839406292685504669586293588
87575896224313071061820504550320324983
313261373079965390671711104775202968481
30655569592267534069840029395655701210
98233312485067122567268806360992342214
241615808838812895819211474161510882666
56878862939346702840208521969912026388
28268350834968931835178233467307971064
113509438347871113251829174781836835834
112733648226110905495056935966195770772
281529407653849338936735031025475481705
323665324624573621028157867333652875601
116076797821042952063053944333203426438
301075916115360768786269553928841775867
235475299770023554208476667000858665652
253461739582000607525942326412135237825
142980362649806890309127999398835450567
258925487174151112513150847284501758558
163482527960792770477192405393617233661
108295347573822094230212578983942459180
333945692990221008421055396550159542585
278836621170946744454455606019854772186
238141309818267985529585764812274138808
177008710652375471125715211160740259065
283075303473165362345186710225891694669
71020029154633141375865239735274778473
279524434306208541869507965356497654072
254830979433024138032480482399041354656
176614771614842377473270063530032435724
87897914088754818339562876544210287600
30386718166044967828802923030427874764
322055537268013240826729085310156593253
297518586012387321907432842251119016567
135576812740601760526463561836341347777
150582212962024740046546943022093416550
270933028910735534347542887314833838040
218612487856671515701981824772094681186
216727331382902117513818847869850105959
118757591094584282836265123869462692209
117024041817693873012518203908118492227
283435701919705634479147495178384791546
108860528694913406610360944417938563101
223162853410874360859823858342678074950
34936348951966974302518769142834924462
199764534898368261403822897115543254206
172029046922049103148181254558255414823
301741076985523659330918859272539519698
33824204085391516802241289526302805023
190203291355098909118553436211456646942
70321113892304076186474998976580535924
166627210466965003583738831767343597618
2200443829581901891489604752219536216
97737140900320260805021087382479918560
195887514787029610978257948727764378581
1984191508162467833767004173345783748
95988928948954875475598535832706091549
207459836648280685127414151802153816111
320931115454530275379244347009679033684
44462653626262143392420290646584547415
306635803392927022994278278592384847530
261698004603756727068940611921179751156
71912705442993699006896184598389437200
197549694563890776557455475095230594483
74685570218634214664785040891138179161
332853784874756760120461467549349989728
265570344059299431223954983217540050814
89727982433481075947832945026960811937
97007538428184475790470371659263634448
119079584613492346606529388171109200166
266107506211317758919251928555214972393
223966401800023879524879914649074621568
143442411674986573582831006179569775451
196260101452884213206496056739827161770
58299941950852132744296158989304719519
185362375856914858760984379781304232335
122500067480309116942163161298657326435
321376408661901383853397306455782169774
196304625968139757603387488736330527372
39280905799923863936432406156526030246
35704831951754741184247164367991775964
1752889418958872810673426276434095995
183513416507882945052190813729035669984
42739519471096872430251124866145902773
49328852823934321565027592934923241970
165111915152146770759790533653792608292
293894805591294492525627635170281666184
187203698773687685428492468335356502210
212743992307570093203832694390749126892
333343447467976387165313651462394261811
321299897468351627335896168450814098837
221074778012886546927611232067382577324
189875044026866021386931909759586618099
29957345864494542746848719186069407222
156542421897614094201831288344063374615
143302958495763513487042892599854877576
31641650544426513567869607502040084053
219878715287151569044803293116661379834
116575930268421098786128891940831011703
36099120073023646384752585461533192094
205605749674990531273760283441159433712
291011314847837446804924297818053379823
315748384786334828197314700825540089553
57891532871811718337064493268143071743
271715198277853649767301659781831374000
86157246916269922228306233055930247756
32832019514146052828451940505440329811
88703867109520281055410179854816840783
270199011863968556548850864955633426591
209638211116979368156199206900670446705
24997871650694202630949542328758211580
286592463632434764935241669111013165268
180179012646061488808785699744540110554
247060824666136480988176018462705950278
113155901283129434518461021852582327614
192491855616641486647128576314305184669
56920026173938918997108959254718420046
2782945407434572576382912699043143177
161121416994876840508454842283260427492
286451203223956401560596636555822910220
113145487356045255364250608592394743927
20398562180484123469097982561978871072
170454822727852085553208301726827913593
37425998379700978082520894288658966917
68158343282714634210260352985289908018
53840875889775368455701570776335169624
73383940069175609216647950543788165301
323595324264449578683983143955918242463
260627888831258736892508085222229230092
123784027659841901869120401329062279789
8745844366348621060312111982103393415
101728701189410677787462413112382352928
144835053665676694245209056653459025691
148836810798806488219177041700922428757
102811920819097643905096209645549027796
2891953697298802869879070238854527632
335077142158590852379759117867406717981
248894035848949583219206368933688645569
54985517189113857673181217740684839333
108250812827319475537689685710617073336
244737956322933604759512482667506096744
135535967723928118681805962287878626114
260221880780898884961071902988248754433
93951979755464676750043813776736695415
14521240396871824784183174507302737322
29842881320805587553632561810698562009
308261925761911008460594610637180855366
36948700284038149947072771396937426442
86659867614550338947540187000165804990
307139869363666125331009402538642859274
242013255782535573333735040473987711027
316757976164101089869913412560597719096
190990551973879227268336656316690422949
24184283934506744096362231644593896601
199472258332147952356596128231225036789
180928527375300642330716376803515812788
271942602140829174696453396966384230992
214104595059999777987773367486387843505
62929884268333380931392030113391346226
55633798358670794147964119120369545287
249751324781249191010564634610825734918
161456465488402904400885539519804175676
42032502777825166624104896606957790062
94022360921291320894433563547896625248
206888186329384340481598359606453670366
64609374168336582825384975928286556025
193739146858658953982358950751467642128
182684834931877002493320273001946890541
135763553201302246457599505579708630340
106813978518357471291475192689733875721
248307788145676727820461931592037376079
86784128479948053826349858274882619447
50342209714117641259683979272219509253
157190386007057635462225130657275753825
322988020805395674703140466885358520159
218348204317851323032251183960453260508
278375256278092553155580363303213258968
127077007481260725357776961557912173886
290574899794460963202613566945026407830
98437972250977634745868341610678822012
210864191437818510567642864282971025641
81886051010079328160498819767610753605
305621769679883825004345867955102070997
141968301027069895440273365622220722534
93849297333479710287984247028658413648
321507531194501811273705537994514858658
132192098199073508778786567488314843511
272612740454816980858311101777770082362
336288269565327418436475917823999366718
287156218730589116917665403394877523772
257216500191800258405356937081647649619
207577625018659038162627761768606248252
198331722350234782086929074823549460702
238615818174872579620719141089356325476
2017391622965752204069016207808884145
10593584734083121297057915399413185743
166669380088703509987920596874441598746
189177983703602987126424958426172121869
22104906094871198178140693758444701277
183355327644909696297825164302688731824
86018039585036179632771595783782897460
261843856332370614582638062691610698374
47902804427251578917522068292407306642
148897028283889720611894099042566210649
149049929980908968027710814892915178640
270906374768200949525261413342278283226
7203378072636500933524259929704237044
149023644118226211273752770219370952800
173036317418237859041730904827989534700
327400042548249756365832547468506155440
313568272134789675497040689027581298491
203903979897087685161037378809305325349
267768116938563583315512724949497210905
269577380380468069812098794415943658974
295160618221033791468225198322171130172
23465135550394232080975489933301767300
223715300706259917352370675524552300364
269968731830343933592536408569073165947
129253567203527179676295240290903723928
292829272449116568960834491139532492394
272796460312172602157646859016893694313
320416314514012287207339830896738367464
271203772116268232729983969672473438217
74911671570350727098844010299008543094
16302230801630821166230384464851720235
160211690938289593725087751045845158387
4626033214819060726441113728032928994
187300762732651486135325023031219322643
97997820256507282285160086365199921026
57107312267435901739261769397638650273
313846429885984595934450997001996057548
242832416167586423783554347751205126617
148440354215621063878663061457772649315
321691265708802362709593215548094392268
263965196735897061634581292222156405841
208126864952678600715914990924170037220
215751118571961805329075596119462540353
231709992749137286760659843121777667270
173841581140528997646332853507288194365
216122537839567788824594315339611546686
167910041794012673524013691078641694445
305132387520963335325590396645692305636
158329084907248876019094479973853878799
197741275218695586036489961850238081703
33945631537478208292295592202220246148
155583935590763724615211953135169221303
56857758024409028353130898658284618821
287854445914745631495286297001636550795
25173751513377301398329475801324143065
333370056825664846283752665358263917056
10973550671233680858617807497244912387
186133706898124939095851756420953482264
158964810347119431359687477733435476592
147316483961113832860254349962188145310
34379362032362705726771052440995077318
116597806045751850666614006445192450577
270183532819443620798610536063953828634
86052314033166167611185751098077757311
199161073673282554473455347324990115383
207094092213847596415655827154646644393
117324210854923496272312489918844249762
251250674460976342777632631660367820950
195898216572463493717442999367679277031
60360598132473458662818826924250743143
15103211584127286081466775366300087357
150080322864082308512419272924132473754
92715659559638154221683736803288696870
194106895363984728880591336670916222245
273712731701986141354848837240661084791
161839252051123426044056057157048807761
322042181693345103837516133651004481994
80620794968156686636583321827469119048
10327773145656786957417828883672508374
72394924821712196179797984804998190675
216262564003124405347876441533409618105
87638865612610058111662552927373160912
38541645141602517029966017584204092240
263980610546911795004513305471114618563
223281079805460184174221357499840522710
120277291276794817319049341810838213651
143765107162280354365197714201276211548
147289463267206689910453048121332800146
314314766415461239034579508661683734527
242443012498794211215560304679092725236
162521153251389719636330984184915747866
279273770014037799137245355087948352134
139034050470223806732553290322245301167
121339697792133022535524617997021816303
320616007872989944009075477784407335458
102724333375479455971133773103590409885
200992842748789109016139780421192767035
230196177762706369964311829433047061869
253133400516371401362610353096032312325
85263546872849031009778162954912540074
228763073273963456462132678889010150982
340160396412378089758669155400525284590
24267195836945397815877734511298410769
194133453815215477003673369076749433042
53363188959363611057502797749828691646
