195169925689578809466741655938214826851
45112448555646478242468521365895435146
76220933052852658315840651849938335874
211015831099062647472196193424513506321
282695304246202215899862376156377505658
154841460642788682555913136493696631288
237157084917699605004027212439740908650
183573876829018104515517958507500725337
207882748663164519623331103246270725201
323118080973914946720003161070135116321
286959446478463152435809524858831674987
117201603719970128732576738046925310942
109426480731352937360689932358232793485
221958124093317109965843825045248124414
64413912277699145351834853037724118102
113973719878250707289296566608279900843
209613626227646460743680085042608575581
96451348361443409212542592580968788385
87087721500900051185717902912736720317
108205085600847760708209498333276715349
156752033680984959652894575133129377639
29176278995069271579069066620101408209
275969310542663146630955356076821865851
24908653449842843074330491791845825262
89210544154943372759911666506870428253
269359605663372069865865158957385860669
51282605817722947124179486241638385922
197812194528878813481143433045793989808
243826621128507708418006610767384875487
49117216753588248313583918173315784841
327925790935178067913042453478720838916
91490604529121391881165101087742476404
193806825778043824829415029869460772270
49380761407344547502730994438453379427
75144589731950550830135420503625248675
180631475110652047568141812956219604337
267774161983817748531068639500840741446
339067170929678937186503937857593962413
321185571582846336619765767711390035228
15841748197574546126629292779720541788
321817805216576592619849289481272896595
54606193632474006576336933379736338260
106161443977347474919631805013952597357
311792162968877929235319667342960310331
43733617955343150410611521456500521248
93762861849222176011569923907237710157
144744413589577214371455359428669971669
320202197127527584275387921064431840821
315447715920709605315485215065346507409
219844418990449992665331424544263075677
297122164438762836113821612790058169535
246494612558950103794083185244122322027
28310172541182905308232280516442658780
48814963712352026836342833576305062068
50593038200566396875263937893074696965
280378505723814692193070113521724415358
306850489664812653091532317905442717730
227250985328452398157118775500894292013
83967670135416373680803939951679825986
79004578976747823398717840375958452376
180927351312196830455168159030686717451
204825049030478185024287922625147441867
251858721474247696429120069015064278020
74929063842404484002451383934747125502
326601074021186272797757141723215250454
286747378352437963978401148360292815022
320648160221867447409067478768003073983
116803948817731174441065378353046079231
315921945682631895504205694716448072623
90457455093484534829178313071753624502
101604072418961080903927619459926828080
169016649994252945667281076328988410130
109459968715225501026722133457402821633
139660623552189349844141168770826087379
203721901632303438505737248523451484181
96973217383570332421250277666074976522
263735049676960987635688991882726382421
27774649121413809492637693395633742779
67508104522030168013696285678416399658
49615637059291320944879708495295317022
186491603011831186584023528973441034924
239379581178233519042107547549853154787
270273249378753111932794490865342347574
56839592185678194399397464982928847455
176615252672958297256978359477330681373
140435326131879515100053538845857245435
162452029892533466528973675683609663239
126075215652040527349864862201840509485
324816916816948476922983281759458534685
99132370434729659945578372769791664685
134583211343576120684969822539059600578
329749430645722649687818285666494766543
170108811813364754971795594562591761011
257669210844248605249748143988071341410
46595634533281275819046970676794926237
19539637857493981166263545279496967268
165948871522080405305189804586063351650
203246356317919890986999770650318778819
170664672115461334283846994650962858952
273909860275212992535217406724918649946
109400744666908178636223357406057932927
116013435938578545130857985194497577317
138290019913626990158142054449233146779
185594415017474861383132752740468953330
213624068890719965228411673622786904801
315418889114119131043634512925240179520
165889995118202611775716230592543331551
247652957043893251466111301813041942913
301160977061544955345743942555894623593
984616783012775324335230403452917938
197215421086478739540956991937846742702
199470672022008030020694155870317711607
316266149603288047279535771375321210311
38672473514449928055246704852281337030
281030091807471792299181675485166753892
239616629780198168488882108033390354110
334986721859535085306478350815193292412
13869833302136089708405654529615490385
190869484620241773219175812649818722100
93170304238103411315769510720464089200
257014268023091432547390858599788655250
32663563073825683880469822394264959921
314959879397896061537059134411027093362
197911681722853459220984332754816397625
255196909103604681183491442018335988391
47599725141788276300094251446898636040
240120268633830205765741354821722768774
76258120575089512605958534449502565473
104393022294031820561710117244877297626
171832860923697416470167479739340301235
280791911726945165994515788715362965338
121524569575085683434885614385977449272
324825002434277090172545758558367347613
81025746534221575828006706702742495475
317965697911064911087339498788048880356
14026930918561387166592895726426075400
121215239965079584448170606574794090481
79990881743632705251143023884022142835
161605673072297037462749430323443152374
250225990060959894423836983416905656767
214413269301766924107281041676356660822
248211511026860892138909654740000665492
52682283343598688032089290425869826668
2007627262555503012157918001465738022
73248234279382618093711216436554986701
192228848112674159642079250142343185884
134197843953814996292694449244162804547
316220107302006906176829724753544067349
230761651518368498002083646456910173418
179714503456473761157211970958185659292
123574482645998656960268566247140350111
35557828801115059453143533376725798348
263405807965498524462747821177077368812
150146807985517499627188605795545930404
233632882120757907562001499190704590481
199306917418616860899537740473025944215
303598119771280838341429311101219891409
294410202804493679550176442521972285742
8471359289705623259487110297594143208
249288957905882890978975027999337707696
321568174775319745641717682488413214042
72480173657697378036964452295907770072
143731729576568888575615293713098711539
139052897295921055047702137069002029108
11615719709117221341071882920219494452
42956782680371406472805774311199970583
267646458450607986151235125530677211648
233405438836163022531624047752490228756
248867013445369302403893956262683459796
227182701030666602567108791911600259215
286728900906575094561559061756095538173
178587682798664777793189335142544076290
277477347033299499384994670989590573529
106240306456163218860700279772266324348
269988558744109454391968745607994126410
161140791833741970380450246867470941137
98907384843124090744582188628910653959
225554406067069628268162350006528657212
1390429316056757235078527941181316670
165562751939929158132513343984904290988
13028818313827924955998823503775648749
260815694899697391404912684178724150251
21173309466227924872836090192717496421
229648158948624461351143840694460610437
108588180548132145031578260389213698598
29750312618162360765675732682871157214
83342695121481721454205507864970401631
148757598295437774433514297719904936483
64697402985635792336184361507520657050
241336899138206323301959705298384750216
16988077658081408717538612119054225131
45838289329076824369672851517555673293
76881229024396755306576114644000824018
115537615400341427513262580012304451073
297659293014512225937655390565716829574
252532101412225065205784012360062996602
10515084573538662779951726618336020934
186917485293384388836693785631381642250
193769050987216737381601091467336794979
272769645956124328471883569938495555308
85301075510789200491289492090859098722
285065440802015328777201781439353610344
119479072784537572621611474299737882029
248122956971352460385831083973720665580
290714766035315287154352605327667668671
80583301835925359973033182810550413925
233905696250911596213437875296167137861
170680063469364808969760912938600197297
24272834244729120814674511302234630936
17943942221819406807358819678443870871
157398953400221272076451924626937222829
48230796401587853408795330957827881671
165886717220898688732335833855474021851
168230953121166824572785932340178418064
228917939850490285624509875433804574049
56403356952101026481769763211685313684
314854703165890693816593321332190745758
62233053284982160492172932176086009117
70606453010670526401433168440890679470
223785932466551914005421135995011859541
339564707702822747435680633879546913510
91869091794905514887229791868782981448
70025004125625635990680453850878190468
168335148438434943007305189971895599524
73092534240638673119765903184048582909
70175902272245575220565817834475380635
145629232405782797232094226800323562806
324883407152059093419403326315399676555
307465745143102895735515060858397378222
248274086000885144712622948463074823619
27559679578903003397370062753578059659
302584448252414895612628522740528805271
227007705223304036839823058675594960069
4821951790372441845213874190755997515
183321194240749701480935637450617103081
339191819688607559036976240244192429179
120677042061710319316809588256080490313
148218603997104372385230553212811673587
242958297772153297543999711170002585993
2134798678510428901326139821395876145
323357805044135665231777383985240460593
179207380736388330782902470727412337405
168939190639709978748119635127306104930
54361359360352255761174574353551325245
243405615873063009402478204001431295644
197410033875764357397341212573346225806
322429544462914757553329241144925124458
268959627302856221028783824348626823859
318045385730998020040402689310207043251
287245757772461580582456434450379247068
14064278330257633094878565308067647714
275939628554326508849078940988641165992
179398239126499073468657441754270550761
210485903620573208661114285748658438132
328917578541069400111757294086732497066
4735165093261685035615591105843548473
914440809617760711314698893033674146
174520900922838957284003648775779655609
271180086143768927712824510288642352923
283892457912222940917325852287574233345
12883978820184347456860969894070922389
218374604185984132134298506386696032998
219917146249419903350430859944530654941
173553966988709563242620020066577024301
224013559496254544456467453875590026232
76537907356051381003974841406232418023
174743038573292306606205230679577551089
138107052269624672832009126514554543014
87143673092109889238633734857984902639
288527920832649836366283375011370148445
167765965935790143263136931821522472650
33997370611397833820768478256496679539
198670434990275328864211342004965246929
197443966881375186982818043006654342653
145132366119769338481469810892137096345
284934057222269544535914904033185272669
257841584821146155550315450043574180301
75042882602461419459983767095703290402
306799650143429572663738717114604663856
182850690560705133826137770640252261503
17091744374357522033490298855213761147
110758225767582576794961570725326688306
186889575726577621743333176574654092171
205118761814607427010198453037742367591
78603300173534943894996617354630955638
163641153455008830028396283340656072855
271350303911377637133734101144530112968
139519448937968718536938037254040149928
21646755037108004276150041918293485471
221191991670830792963474236690288852589
218038044717615873091436924866358543100
31262076818074797394297853890746518733
251530618977420367464483012930379804706
101417069152709844788578615252132277955
223640030337390518742494841938831335056
308798546876823030492511674012812362433
286834274060738100408506258151176198631
22562929994813841966872532215094167029
150546607227831898399355568176238647030
233998967053340240542886827004789258326
130474371686643705418004590283387073747
199554927243742195745796564744233394482
84333212450472796363271054167103319356
465459161595468865976244969651956119
12066160422399117901677586358611487115
207220458086662549795807053969360691821
146037296896174727103244361117844738756
87162093913399057352122909289063376896
75635726118739086620677344423902580937
321007387061582490565722478910077878727
148860974757435961630804115029156628436
251433499249525671393889645884086141034
179784412185835396483122878647691768798
270918908331436566480694854881879786515
117273903215315811998785014727606027441
124540346494576786096605194807309207129
303678421954224543327532980715462051160
333391329249341879316475131507229488892
99799656194750786400386682126267419160
89789858733124590509695035239135229046
39879405351849270425601610839336761158
288838317568922643439612764209535885852
27356253036569681528485892123983914434
295404977482299119929548795493582487608
254206565298070514539136168785544428393
333978437745201556429460949815776349258
301535002600208294086246589749229455221
12390456774901865777011452267019253578
104742440038774166758534435781783674708
224491847579589781818836571803260108918
197182232448183176783787654815120647221
332154592056051289600340959181563600343
329110114966866756371019603772702195249
111832230368463975109826290376981206151
35344344563424774145031912655096086356
329007587363074661876237819666198154228
108825186064195962331276511659497467440
288618248794917729666198820762938235169
67727931362941716353607227821187143575
136998076508340315286219320490031149182
42846493085516683583276557663902004163
48725517963411594188746248351469104647
319652955188446664091282103135337616081
53846650871628936945468531297824312258
77739030892415088924562902797487075915
164760537523811085717399777234436324592
260195772596213472890933188319430528011
303666035997580856059755690290075618792
240519318714559111248159911041858317922
125692018331788673978613788719433091939
263071225023679685662181772094859529702
328538808586180099294960330023326500879
223951842747626696856021731998492699034
17182763181678910454910185876659515304
98406024323651363647631509672768697337
246110343247621699446517361869626910468
75020359077845304625670486245464735057
106692399292133057228578804547539085042
126413517077630632086253359807090032464
243731004137978467908350975894643467942
239645974484163527567859962158125376603
121057855085963406830073393513461634665
206738600789584420528277589989551653225
147273477646153423739678478216208920526
188584106417007222205161990006878951065
299373020744904153535631550434513736420
199337924494288813211232752488871125371
262758071183412002416861717561296837486
331389607162964833988313511364116821851
123235815368116106363019617628079493295
39499806753636627942579484929435918143
32041773018633526441467823505828936714
124002611316020063450060623005328749540
183073175397256443176089406598099903028
317511597795519276601809369272385746666
318921217648346636877381452031371194615
157785219141504471521709307586106367135
70051383542437909534975792984560567990
337276444003750617416097503816785286820
211072430066969794709505656710945260559
59000203502787977158978351088231592680
307280608875540409261549180975661782195
6710898804619077559178478979837663875
313600441704616675066486533159224331338
239761009694622756783640659612647931099
56006874813131036223659783662492698058
251161837751363240313669931921653306347
13012290636893934550916436042899936091
66433265520558937345203026711193673886
125523931200265823265903811075305270409
151589087230183091639149424940030597756
5597191660553381896058229681539296351
127118999499094497280287444018067063927
284462298983318990122279625269558696174
39082682888177529752093630740619389110
123282321144333935643822464392883498073
278619503543879232865729052604173807228
255480389991335092371570381742543843270
45342626939570310664981967305577510205
148817976215769587937541030751134743127
224837358562970258196598412676962313391
204377364323752708678527926570067778634
110315459731981620542778690850977064802
61957905866504743612083482139343534712
300180066195959944283453914884321474999
65626692461558911998274885120039818352
196983999317889651614150915423516922752
337014050532310409765413021565993120583
170859946489641474529233000846286673418
308586357951335941824606435987267545363
159161975187297121483120837027894431204
59346908409916053269512989634319552829
239627294353107127948552683187233407812
41037456151700351970285174658616992654
294815855674133601909706332157405589517
184088219736368510503569825647384505825
39815528026429907231038779974139395237
33913223288071024706525896493300470233
51769522513406421433515961775215242025
96520941364760460737516464623804479756
209342456384331147552743532434657175772
82038503188200544840650398166486043892
170230294758055110662210072897365643331
118002982714243413776228483995573877776
131431320397965434399680148487546770877
124887836290437164645708277506734659884
40850010584315146998270276814536437595
264765989732867833698466171410590087749
96360340459934006315398451126674349017
221435605581933445240755714382172663744
113598001028472944836259060399225814380
245806884278322409683536440305204968743
68261125905738241415438380928559174171
121994002330215493976455471723352434583
102308424484266710008319332423274868699
90043991174190241878402117479770000487
164194617154543566640604518563176876688
250515656230669236030252148199987004971
178499315617528453047150783857665692481
30669874916583310258224491021620618750
254490298097424123638659602225760300111
311626603298846266622082216709416320144
66342503553751615390357807234355498341
100037900203287801706913633518214803086
99337637626124729711696139964917424217
232560359889557266373119585492112656411
337800540059236813851637477704071719168
281007847631279733656109134023673258735
138545394033548108052037889844949059982
193797880567944746521693617953935965174
30446574580293271059137686592904912658
66057284969397463279410079239720274836
193981319357882891103497719133747080572
161836874400928543031958986103816587592
306693693061052060557635620386906912412
239406053254872991367645532632298730598
185692628517063733134460581369267517928
43304767638342798387811393687865240469
335949581022643791822178968070214939400
247468921774113812633842738176036628686
4062652452904819561254029502367577257
161765771224139058903412266608740013085
339420873981814919345012462257580398619
197631335028539203871884955486156401019
213245587404042268857928538542700845604
158027340405724538223987518078302847500
229099602940501735484630566900365875193
115309744825552651901581665867393251919
9568674032926206764682861139233931963
100525634831602810009771196126569851228
103951527708546733704450903988611613326
327536067503703709167835243812534251823
31873639579824210511840016162636043143
177925795368185319326278320064137093695
267923363857508418307337285647479759155
25157960995421405902939684000185555800
301614639868470620298400979513148156442
39183399862328153325440225532023527591
146537131025423460426018936059091863679
315346924621784250257116544433277887999
170070265645044008698095199799518840888
264966219472451310785331195608162619471
164626023474963942663437272303561232618
26400611092627110856504329231363856928
293133451366097042259481815291585808941
262124694051527112158494602949121981901
259643267729307926761396765956886751794
18696784848319909533742548634961669876
250751835034971124732269814528927597795
17902557843678222131167777257192566517
256015849595925830709796572582198061519
221684359685469595408555636426844303490
298755725883869800652891146379278814732
251072559699656079263362402572912111330
272069507424318917185779009282562336588
74088072414676357091137269442209456515
16143310564621401131288265055031227582
166393656835853508153285305235069244893
26929864641802029667129876273536860481
98519367642581006375880993235764451038
248916725936021673700089742464751685861
110956874059019068553152699392422244535
263452966252980623289849500914524445854
26723979517279707472064747647135458566
119796475973453378033576090380479452061
147325602184399106062520623207035386984
143141572945728945242243022001977193442
207872998736890614876346349531282936649
323770608995508362296091630964214307658
126508801866589142970631789939531939751
96085394278451500087864284311782366044
183014791970569549877577739999901195954
255936542942444405248828079687748439960
14164392091063507263779848179105036210
239762948078473493437917981225372853305
263883934321564535001055123694337245455
263398572148605475754561150810161592755
226034554895297701380857627640607339814
19127145473806778145972152533281728835
336155169187027173257183203759548004237
283383413151301346776873616275324198730
238730778122287153883245778881824838507
189462425424720446349500784327727253803
229995022745860422149768408247907034415
222363326866876521988076714545521701930
238897395589245640570852487074092455580
236335342946513272312559413748969155430
335810895630855591779067838264392105690
240572835826922879680571192840278917649
230049551802485890975867467261774731440
310548349042492815488634246921124370984
106125437601829103737135679787111167426
334161490801250670934248500154771666727
281474532201464864121285768282933358224
328861811335390312442118970899074155887
55670078660647758789054121615652042656
322418200001457462984171785594180387567
129025302859875843791693522416298546146
168845670861586124125413498102858462076
281804007050457774518045315179968033139
88489351497564873609026438340420145174
320713350531450363314806305609584353935
151775093287727797368673148508260391635
275933254952067082441861957824821197266
317162085517624243436534810560392255865
167470544840182731499895947903848379400
10903356645106301670972301086685558559
226506861970962681098476116277462845975
169334099335990009143180614507320926813
113022299654029693118167175005440825210
186110197356038679228057436179826713753
171343051249298221598031971677316149678
95086308492553231548041777634891428507
249291341626073900469694317630901495270
258639803292201681647316517210548225960
149194317016235068603923461059212016751
2540631574797302265036098118361135926
29342186029354477277366311025093170181
137419393551519420164998916764593811055
271099395179020299281674576669159023298
111484418268338608225234616534672927456
277197027754598252831715593947869019094
64770059075250192257335093174789709619
34432761758629252916819275951763300476
236131047208206220722817030068889593608
71539011079522482902233637784448169555
90327589838894083590935765809487448187
130984429833863519385221582045968811514
323338504856635578117988575541916486876
107741166517312630209755685755746389300
238997694561213696666061382168623157765
213765055470285852790126937277086599286
57007020448679606459867593529528146176
238254748345312927866346416557443533086
124931127081526293545083955578622340934
114523774542952600982445834010737924846
197379128671007230230756520247907860464
314574266110982377634272630024510900392
57751490423550350938890100167795296511
272271903562363783617891305629534478352
211368753153989630069297758793493467661
213228145927740031454927915212215323151
335316600955801462234801443802633173761
162632174925430565194550628610757042529
305231242764947265992861988310836363106
193880398169582075839362474253251418928
116698355927209703266479188635971169647
287094035821235583493105969254491479720
163571782290525705581767980145985151454
301164939411940618107552744107515529522
282633143664785189339354978090128163857
247846428545496656068930582594419469523
291152957192164275030939699425882055327
317848423072122965868117100978263851980
242577709446968007298658861841019903749
266113960521627364619724779720033140447
73368365278978208557180730330669658060
215473052482636963902886308033286883214
188209318510353200805687832577460748367
248956667185479735354080929980213448194
189081613348969890308490676008209219015
70614534569035147474106223567593188263
326633979732671441427293872193585517437
186730166837299233318078435126763468188
31445838367481626148941221182595556843
147532742157662516146344012059697531522
184049197063069729511461498922617777284
57776511716624032068692862836173968204
148681532056024004558844265619231746639
320790953844568780528312934965102992585
228377185204669801743180327685931265877
299944640712357790500475061564552670396
136833854094573189030122727436876624652
30929698569834598533112144792401644355
206833224326285199203119484780783600195
185391237912045899948042575479310975300
67375064756216528352644439487451378165
75883522706522914262487088641821573750
177072721710569395291011447591352014585
121812809286212909704093125531858370854
32900454902924379767250181116124630877
324571155291952646323310545000441305143
226707530327932423521260625561626153086
99469110633522323541313770026475473984
293814842836881728364357932160849724122
112742417645067030591581334755677822942
313356375567380238484493618953385631978
127579176268805191270673789842750131408
261483270483632914968753837532230824245
235368098461486003816320919406279028314
131209730939768080457903601599869942018
308908614357895150742469951001665653286
198433874594471284365220635856164747074
8283970737647812164854488686283354944
197982314592965069772907070164257762052
20203030157227917697228124444652073031
223196387447322536995938664058194349724
245345775715515497357762333814729328943
61419426499602840299033099158826261974
27976329595224614080587985741933165534
173468589942288159260176742262751949211
219883977376108144226623092525127500093
224387355425105838715081296307149362894
263156971920328376023999585236751530192
299992174586503129385880490977763900945
105132195191888384811701183981692609481
1250582920954679629008068200202096106
208237855565518825781525910390854832942
232207688776859381263519600584696513812
76019635079190578030271233564842938452
311433469510008841181396101668002351027
244522576748666265046955298460091888287
269130727946485894719758487346560989317
2511322506754232721176180894704327530
220225094175305626423358089858876252334
258119019514045370053594621159653577583
123158865226668487460021349610997797697
149016360840192493615132662291800395206
43842741212753589244603207504126464112
66399674065889486374870828728906569876
251704727675103635228396161821109218867
281135906094795704046081055174110597620
68687453260902899881593890339188488687
196139328004380045249141328912253464748
235435485523637720412219435969277705567
87883744571184804306973097243630485538
157616933726624052154904855570828554532
273917999421251569577607776119422073885
302057369268905347761977782071960211199
76123563366321046055058904191980448813
333139822163346172126859390448212905988
49583839470824806727724013110745127779
103705366869516894618332730586417537106
290865079462021584634107257147197593527
56886558816778395844197785755828328825
279012839921579860446804060866497392204
39806767261900826173307389386307786604
36475779108896752036836982723324535797
11307985589897867891173226799636068620
143041068734597131453227663074098121363
241343752188951031718736802171807472033
142194429750238658482138746226123531737
4074028288469080547187833136737612531
42766613286961242038964722924937110710
189359646481253843336745585442719165427
307816052119098640199575344094413158986
30879657752440693139516298862990804867
255794230636077303888124503887984698298
303326155457868137229701457433971267083
162290921055963071939595975973146488987
249429467381719319771769598478725758637
311114273842565581574566378088641907780
58174107157615708667264105550984787812
169686202080738328975831932161687915866
43960277943532737880934317422854818072
335415787160907940973057664888408481575
48091969037172261761967122759978006723
249075164519202332817352077890297243439
236573463156532966000523725012647724777
71306777105220441125903993108937643777
294751480224217723262591777366720240666
217440074962632552631777652656235973699
217795477338578506450720062643476506392
43379760984002122217397812490135339696
221033823826579353055078679839132840269
304263292993317203300202883139039719370
21801842703278344379304374776293627260
271551229786600093766841475157908957274
263576770441789877807104475341144054413
267600404172207934504382662430274591633
186007042290541020379752131211663117882
217152771692628364593077828576819903497
23092668913084376864664986925972660060
184376423530559686814928778333623639805
125613996380787223074646740928216233209
123443563820604726218238911264763763501
187655480926398456282641008747859667312
212524941529277781243001019107879960587
138212456917219136058639079153236869926
76691588519807517965447215330525654438
6863587969986868998510167531157060295
152903333492345533011398596589819945903
265893852683028473161635772401414873134
13180591944358782226728172416384033797
195626912168132204282598357003936892987
76732564004288739607491303485026452313
100305256615757081185513700383264227910
114465072267929389439141721151306104665
282714709815038311960823106459720867462
190948964502392680867592201010393187204
41415489510627806024506158919376280551
216327450432456805578437850983557214558
104323880393333395998826327882420548536
3678209338375279041787596208963630555
251982892211704689493156405958105987370
300294480914500234995940992563447615484
287520476515367815412558358013119301857
130232845882044799830933247911467426779
222633760866314037957343507015309742417
675255197768113187320777683314907630
87268573761407074854435562206745569742
74090509286267272892850137977794358936
45267566302243224197563776674757187818
50772575649896763033198819330675703384
68384116231496561754029775695576189168
47877993444353378412772606658023251496
124632145474233889042105052727442537441
42355430789674852022506584810490063744
251854437007965925308999068085516622743
87218075254711326588139563571307132155
187256387745432016783779397614035284490
163248853049711092699141359340166190154
313169251755891203281016663158777375557
322523962168568067634468186862747281567
276321172839392938900435351400007775992
176964183574904512544445372980829010392
289567328814618713933425290315986991121
110547740978469404506324687323008468414
229801000153935975483370737851496912429
333202586665803674806020145286295811789
122007651971596014726116033420227105020
44227943551062048116640607291518566090
130675857111178662718776361036517217952
85862024669919062738951776250759165364
191590262802044447872598516105419597666
68649437160618880553433595516093097550
109961391966681808726317693351107611802
57589909917028568081972381332674450652
249150066564418599767654391976211130693
149222509701173436626303116241458494248
24712842054368154639333475567079737624
22587789506690040971838799803630055991
333144231283369141569983893031128805811
317537331422058377570400229921930581427
302907476010451158348606327913023063776
325827104852874775399670380577411852252
234132738515838577127598969890469484251
65688560164632523811377814757361149208
14262257479486189064743890077328858103
188116495764117336129529342712139717645
151452385085872076240433195461561284481
296001743487311829023369257576293355040
292329150916052519855581690078464997574
105385776787135723946465495002980898525
337236863751250597702588354639318182630
286980707927719136857577568897204844830
153784003327826684803672485022243267154
68330481393519049593742454574844703151
160926198565892653168453962463778267406
172207016647083312071294127065602673498
315501453138609305233116144304003716464
330566239561953563539440134150800045830
115748809116345043475792843737607243754
162522794592449679863502696162685622313
52026039159852578980463086769614692534
188264886755189727153408745962834903823
135271086902964436164962978646820639544
91433212367334345767224053053019369187
289419155974796158378452244698092018616
281924520741843606406602922008298412330
30222971614459427980514514415028993782
35210695237318383152919048053894281203
237151705622255725539835509790750215987
275880752504623586948552683321347923744
125606237577158258555397885195741593177
48876078411734437702790172388052370133
151445218002185191924189902737450324501
211040485566156184313492289019920495018
109254623104238271801883749318524139579
277604892550029843590418669268410336970
115497684964063467638417971704724415876
289602278004713284882955369053558673995
205430034604987248924899782239733567151
16795793900916447518199205987831790888
33169586776572727764117703444940405199
288907694178018468754092454361269155202
293738417270030402730312007272482159041
19927622459087317260617907434696862157
71148449781873589460198530686521809518
289729760975806362855716883066929362245
200305063725460388007336341296427843428
84796266967432506054658946915421953944
108470769688875921611032704501709655002
86439319253279443996934621051229918949
144238747398460538227308257387442558603
9596825114828789865655735533586901722
108003284791459190970986323761643386647
20433465746078950439964884333998830206
5469950583418256925765431038803596204
336913807774960524421605852708833759696
180608468266942621969158594096058138622
49738887398278380678316054074478782986
304013602704914378863034241694396404848
182699045788779076683386403832600553589
272452245890245892516768110795035447791
337213003341952265644413513088609361226
116012196578661677317016149156640628468
144048342973014832372223075315359154569
257728198141270469473816833620027846540
101367509175847742824804589483887360728
335997282831653467500695978006342514130
295925075028704406246775013468514097751
289231871141798036453718683996986322600
161199454551243053498408351962316889732
28494277171763530056846294085806122694
280383451555309336332336677123846504597
156743288667045504567257082253993630040
35421245830743177419180925068949828495
125315862610857774627866942490734697207
314170287795214504652288363606880371640
127383892556413752400854029202187478096
303137723235134111908733791289757741599
97541132087374515800996748771441459480
166345559995389923856170165588353097735
273878423948644066200921279153301066635
229395012708343290810949194493177536308
310664867926282524548276504068793602436
243472360643686030146776482030151593251
246440737080853219384338937583761417868
12890478238822005136837909036407049393
240132565353957802276736212661430769288
264209655881366539732837286947845103974
22508390175139927438333542337580554662
201847379996705402252075843406978782986
327974690808884830167241596228876653253
321781526676024834241893562631316734971
16389722425746927875341494989141382158
154744026793563184189242973685761340296
85735443439065547220128257693989402964
237879508285179092545455930893561158530
268190588716816350027588926794568645991
284397376695763330412299019618044223649
267965313205955037341129103232436804849
285748086099542102948977390203511234512
17435008003840366981299602408559692066
199630637198083139610745680659203344307
254129616657240380662246547945091136215
198811863386793046136171543239709820821
177007951507977625567232613170045959087
281373691310608453739040958370168035663
56118188303199244611929388032780865478
151677950986761553861888079051894945387
201323514149665751436044882007803022640
29322180273095027545564225488115779516
133801155398724771994062043704776173253
73967523424233238728020129497516682134
47693118291309595720697061512789284179
87572660381976648956496335102793741335
51540146103382026035270367676595148634
28061005625856009822558118752651790561
231047732160946046642316106861531514568
81204783349711611650804380600629070744
215452527776482636684958420607493115780
58681420411357741675778317818082334668
299015418355758229751929216182554847637
5641367232600718952874975658801551304
177341957393920577947134350457217598561
292693606451102386157110271459093345303
335359453151549111039629194732262196979
59774582429553383062080220589314515229
129386776183239684578744061894286281363
122376349600397294610292558903389451289
28309061338223895312814544814539567522
182654371857728003413592273126563616118
106310236632051832244585116598217604485
284123446316048567906824079118394582091
24437247764854860619475312584102756790
98747640824805573755517130603537996137
71242727696206237673769779067077386061
199667697334501997154445560320994020717
322877073755654809248716813121579665209
180775126891886315950929847911801298688
166937037825339639921773309090006479493
201155959699156581290316774992425607225
299623139600475539507962702715802519050
198708967226931526659709829454615527077
195498860546030933243314290753565814464
153003101891976899121099265839659684147
326562495212955955117749114228575321594
131581892818356271411052446660547314811
218221027615610598119381987178737200853
279062587017313341507342610612383927273
167201898312611745255028889909943337824
63151702729959166345175343949380806074
278186131469456998909191953083605052683
305154735141326505664586988366702279353
312413334542165659177704340719509879212
145287489045123518986445709076719217883
6935654418197460283033711292733317019
311321868691245047188463343794070090776
224033997958217132546632912817782039638
272006191953572388056115056609424156639
212747496010523075347987761451230644631
111952474953502282331228173902891369559
144203778705945326300139577136680400912
308464593485779557790766926835366535911
150649796031259197500740843454618507863
236388051428253847299986123364569392647
45519592895121614534298286856701080970
96509010477607023032511407339960808035
55145168866132223487468059558754475495
206190924808219435411809900513810784629
326254997705178485331245942434780090028
73972200326536141530529207367457444766
166876340616151551067956622717795004034
96151356211869159665917043549510240916
293635739362771358195546008962122749291
231698428843986530352641544460641719085
276668394775371094871890390911568145500
170232572646810234060906514162399799905
56894940997264331881349208249300259552
266586773160193816525806854578175945408
180009434463812888441698920003371519811
286440154048308535808093289610473607343
24048429563056846296925252537450584405
171960076415915718784310345754455196940
75798673525626241908295092669758293490
235622310923223451200574375472758826986
48483541972258952631364275483732308594
159805687626560380600510112000007849243
179146553778121496015344367905729111169
11741632660350328267687348207626711797
276887809051518762811244029587426475806
37192747646035216932886581983976361243
68743339274316845298855476200891599674
322728612890905663801427577318343451564
148997253602777801623027223568699284581
311481761540046739991229092877293310739
198411590620314604435400328965665886577
302726230714652076344598736571794227408
133292774613018494161847313275088905161
302561352099924921056583271855164584252
274400282004860377587810364130051965621
312409976252270480547424146855098980174
178455938391827364467542722659361306405
47214933689473900589619857367095910821
93379965120891103380112582584731432905
219135171027497751246125228974238386361
63200002035830371367173584577409835799
135875299074133813874205503765014521926
45033411227133425947591165979579984873
278844786569766240151859392932518117264
245224340625309644251543575464275253526
25935579990045411474168528998920896631
37789819635933220919169884717873428605
137130827098931444178133628339085291483
116073158923635434239395566515426022349
339291029824512003486389141578590149211
125399797166409846942456336317359530305
339630767544511850021585072161796950389
318281334933415148293555005314302606855
204950354532124119726554382955433096960
133047004345562213273586705209267671315
62689315089545400136196179714656490070
165997464385711237945967927280893407780
233218729313182900507781421054682169027
11150357812798155990573230196287808965
55776223553675109904825529977874272453
140526707604425824809385777510503120483
227019023802930275502311818915747960474
40582083921621039279394381550534403240
231400694847476298169742778737222167686
320389768673373409824342287740676869239
19282985060249860085829757824359850508
234651669002747112292141664194940570139
173303668812715371946195064591717216695
40976084159822172440571541707038242546
83134742068830363717478498092489396087
82852069746896361439954235668627432145
225107464176890919795209274270384195446
166852467769159210166001009900416338304
172047404633214676356798282955944149158
264969894033138641993417592889452485445
237320846090091996007031514755508685463
6403548341194360091925634647232070778
182979398232946204351826847854996532561
253450118356898841766152283056671556620
49138536700065435292998944269472888830
304482534155147097680406740208011418154
251718501731397642486081761531110225848
128245787689835907089430385891656918639
295220833263770062805057311505769191576
36171901721198049583118107482265279693
174177361378401671127050647186890088889
339503972129491720483180792589783778366
1204369018750908924468115457191264789
169177311463616083090310092857855537196
109159563112500347691837151610257311080
199338904473453213400747736989759973628
131311673340147132477354915546646346254
175658238083335983989687788412905704234
232374381975822099868584859215793798622
193463206962320447730472558318180655851
142570529111587711156311847704330120094
165703377194395103254239058753601603757
155748264822421018605698972558133070203
164805422191569466345507816787306305261
38557755893053993155387643015177637500
76778145675383169429167262242973028882
177911715272918283704555527929479213647
225909268214196036442205516255118366679
226358651493517977600436213699974916461
239858848912876171643988920223564169734
7861884712553526918398369316419121089
184046395273231122273723203043539090881
299578575438539402527871200970173280109
16818343243660479704764271115678588692
168656517938050883828056439832490472096
151686010552867741697012801158349499784
136862778416952086229110500349758971134
316549767893747329467257530135737623604
91979519721085067791197658308320003618
212059406576340164074875882458969050513
333683878909916596319851811891924859714
108892710777470515097927206256681345399
2021279566101359809684418393704972381
203592928649830629998828755908483342700
88156658389639603913968961249114031392
131128422797343065535588561967395042063
225660636849493717531759541613646701557
276670092387724247679333435146113952746
66547294036827517367839281152704629414
33717310065120977168735334293693895520
125107806448491412304905727066970728793
79720529280501248904961012323399694997
154217114478166691510066621770721046789
248672532636105853176893303774823366211
291109815593950850814137407180600727268
187413838898743068826026839010711401983
325843125881575413424655825241250162261
275831058588042162117485824506249917191
324724314857056373460401262238036406326
329678691029718858313340237775563838606
9868638872493034696453885088829575733
330367190029135150569039909653243146691
338676620226744251665501472871006181751
211351349358400959052788276253778348615
279164816779439982796979755395494175518
169603638321855261671453915115032142316
53692942559705787920308365078326397742
96654687912251940607215196755363131589
94232989407466113741185684496362455718
53561899478659244556146426713565082038
339716204647562444333248129217254897642
48446074910332832852449516106280155330
263619186659702867848706845970569731310
122379918160093512816203035507529633985
10678887822296378297230227040294027421
249367805554800256410208087321707057252
311927453716415595671332310428024655754
17769616006328915923519927091186838394
1418008250409931816914782476644965098
32787045944083326202721312479337835798
31999741573590840493368274085083250429
222120159753527280624313663699582936621
128103161182825092932349932323283649182
236539026389722025806227903747618896188
313401841838730925789790930964842489495
42528443835640502600421893684877824589
282014475440679886734934639463683562003
89965419649387182272709006936283390240
56071780028039652276608074548553857538
46235919599909624830337200609184512651
92403783922619387444609341437047127326
77571419790586432913132159542697074527
222878463960158113910419230394280311833
113094059505433928915804886994365386180
92872258816600728305863463774369078500
101696605108698931151639500329899834918
31479969389775589338521842812160094243
11324793675155674512554400928074124804
37050122081400665307292573487372647001
146244614647124203481159353405971382916
36892341926829768996969366430569022251
310464545982832687701708384386812889341
251002798132213164876476027509963751793
203058335064193011811173009920665182825
134458198562466371946552649436653263051
210273177224549413224129419600511354376
32044596898473933695781048243604940009
119468929412166226809477835294673427867
115102588943861944308624129177343799432
85232779564976225638375727392074057624
312191309406459744842985867788862204440
108784216648592614330310395393577990700
289069644626916855321987467528595516124
29575498703675500208279339580690840992
247355732490872617013999539546143755171
158387016590892663281531408569853185064
72839938718620902078266012668051662038
294857180276364802879826949897373644137
224286641537025843204308183919383903298
95305645782943334112327871223059343618
298364733752933631189904196168468154705
324318350125129124762018656582303415057
251788129611677249929917971452141493226
288262047511674700298979764212558886221
210258203996097574217388749426175644942
113891633032189984636324824456108135458
160229779234758450084653646710562805604
262156299168241888571485955372636963335
177113780702561502261035334088718873527
320470643204569661448594441926483305901
278913434908076725131491776059886064736
267463417320456516017917406534179111856
128243366260203488241239936798158128908
224700235579916354982792288819434681883
306246859363690678843885467977851449408
9045571876199461332848147526720693910
122121420421584645131534303450454658018
120953516960531110552396805013538967816
298716197406031155588426681469032018105
114439950612367277446809026284261047220
175567042003913852114657305542650792075
234971303971949684179098260749331710776
196188210816108905277939283467356054252
323272436505338338245445427336441884870
41672519657029939973866666101906394146
108270136379917687942644324985494736023
19568133160232597129453585072309321861
189197154297265412881177208534483736571
192722655711674032792480916700219768043
152218664447782387719912448098661701217
229684487555386715022591268361876949173
19283905607572486526412626796059701788
246351655063289387848796187538129854122
280231132483921431369040347000700134052
153722740587456354932940876086552692598
330955896668561544227818347274763902446
139284181901375552658745101964416850453
274205051979385463156271365902276946724
123612489348126840079221456398043085749
201487585500754553646495132732554211394
156333120560629221633706613265719121366
83213910722660251876179703841089439732
52630511095029531182540918942662600096
59857142469103070198128041691599805239
52482994064662070618539721861788424300
257153627094226380971852938597655318302
75247936882965660933170305790446025709
97232301627026697206881728474471589621
279147511905830281496494320877281574752
181800234973504009574576440817213145509
208013465896200382737669986226711729675
252178606187039040273634275000636456581
218270390012418896842070611871172769918
172330379415405857121170403075382675690
145239300328284890500452613955693356791
218558004861381248313134071551552535052
85569937020012884155479994865831372761
81382973677364062415966222728818463988
222697072295542969488332138397267563370
74678591909826098786974344581569254659
69685746795289481884684156233950556006
106980924924919361118272438068724045544
168834979687702227148058588398064846200
83903654753047062459893415537049004078
191889723309211263198726665949517777502
48965339269502794514657703539132784513
47929414929028210892186378663397923057
44234765927346608944837692825095099963
307532681777315035859545717060239868362
242779757239045489458526506629736867384
187215540569510591172208356774113361125
265519408014447926576641087081602722284
267521603250595566504161760904035249711
25758446784676042184896621760672948944
313466610800730562071219235212607230790
179893565003313237922785963109164522442
127447188088530509704068382858917036556
134918752226345451967156116366441767469
31559373253815943859379869630445763211
251150301648675442246421981170949642056
58637445021950475768547813635469464474
178330117346612274414114484961942232849
198037305704629862028498895433771741570
230592172508576637337919559087349436713
1111251508185510151400383601437991166
111083390971086308756552244601625123807
200259796353546507182548951766357072827
145033154487883788754025953217761768052
176299784177434262144303048145042477823
299778905505559824200430333571228078345
316528577376098922141292871927067116103
86004551620061633041261678413101024949
123953930623036096690091949430511151438
183502256312757819173577216827210404170
50700516786064278832991228116036944949
18290385642467578956569908966575533424
21494145618495005805057708941037649233
119058780567480834648026020212729403275
197594319842299158640619482648809762604
320956070637749159356011489254178105534
92571601533398859075969344801610372475
36429355686065513376856678205355403726
6470864099535104652443294894357548089
4848397975040978437962582274715190400
181985675572834652368678813491404951393
110497710411911983879697043637505146763
260026541211818277096601924282919967735
297293567937085582812874822979021431816
14248254241365603296611198554197432654
210184285405844873779646881241530568447
231610898931638959023160303425146060868
32434920624261334793980433985859390423
96662712134636890284888134638823996485
88816360564971224543669702165288661754
9429207705755316208923144356352935050
138931391563738743299062435684714128729
234823426918352741817571004800925434375
234677771796817133200475981305238875309
283372408391933831428235030524074929088
234934901600064926708601956054056808565
89555855911516224250081651926832129466
275168524519923479654661699333239451922
186739573094906944205985078460408280857
22508343399087636098148174642186930165
295943210686830723152932458518990451243
117028886567215753728318046927212928798
125771311109398690446633019496802753915
24434434250046140691305904699214171485
135492356077522650241621975795002615465
52927084264261025047702744733016195514
33090304577137967091616119520340817791
125939988319279496718857388644048741365
119454592586511963020789279402828394420
204097253890824160077704502489820530059
115872878133508296641181489309176968470
170029907434451161222279045247971555473
73903057462315317239256000846469728816
214794027305204288631135742347832415489
141667778487521764461191617603087162855
84331928481586379205495203183334683066
133545092492024577021785531564640797220
223140566220045513286158060176284415467
186197010874894576824127943965104399596
93875117486278708114253059791727946570
170814262094330801231588750505611915680
232247932213176733795276431349064399457
102682580059007245754257199848630326258
282295645672422782475290343195886967350
208583799514790537523618068575014558792
132415078445134108549360568210690889606
153706942900850693642940874385959258250
112854779725871179191315105818375462131
313584844711312470938657108906649800399
123527988024313788317222787743544892768
18981800393356708036771304336633021548
150756369833794068073708022310577543229
64320538865129576283277143333008664244
99065074799866259441560607308633220057
151667608332715524149211995371736440575
206473774886050891229273613224643965745
245005265187993352466248371598091131275
286395683638182862612351640258153095078
271079751589271728488483395061839777328
67729940294231138737595063186846326952
184080984071957393768698399523644866268
118226032278427740594163872693995447923
280066964912041640501395805287338685815
198359576134976145201399001581822208524
286303775876297532908746425043627203113
240443986802789243188228629579872171068
314612230798528954985252756836041446577
246767214095435184219686392945025597720
300430476363273193653112855105267385922
261403049188243301580396786305682776763
305410532696712511854694865631880947969
98374383917257864953873466267283848025
144682152439455248281032917066141311012
163967781278180187262332407226697711056
286237688024831611426465351426482457610
88270196642258025830423196982623591640
268144271018614609608569660654005634232
210749534330798802627432576914995685360
58108696027257333853708696589060786881
2331527539813822285055799410338012083
161108779629832425233730867152346003504
241394449699732651821387745726835064481
246395050360025801585053214905228483455
157052477889238707672176716427850126276
4347804254687175902982877895469238513
111173502304147857934828344991107349899
336833848774542151753873300328899089934
92131745717307524515145640959154776353
122040141596553259233805057397257770712
58031730020196196224460836581912880043
56385337291065023896843791888357908983
184682308296425123236093097958850923763
106832005113601583991363860090851253131
49753182284666241324304444507545260482
272134165314764769085964334247127426870
202573108110387045837366518960925347679
289612472469232592052400285433064040597
239684084475693669382117764087521237663
85724897585397661938448222563711279469
261309055028527895613426783295265858821
118548303306376775947010486455232573653
191040068515366161478470967783278074263
89862251514667130022198021645260604953
314014827312026402947919030417590555586
35104746647022409930076418246378276752
195409097540232759102239262176861235437
199425422508653362026119705608552566549
266770545729034409911492776655633491273
292670988004325331972891380360585073372
140665857356531218749491139279989431408
82660763661083217117016086140958811033
330977135598529668317388594757632071070
42484994867373230852962109559968609286
338785125385712187302276118698035414688
84270375897436752787377349183275262937
34620410462217910505311969404571197718
39512718529637108581658631915635175214
58507659271486834820598118954965076171
234504258737774065181018083470867402440
30230324348721472007948810550208720403
279320363221743263541919824606659006679
87480026139610911056523658336303355954
112819543490112130887913291637847909332
315951981134041776540196381921054595235
248184652410733550437884245769470516828
202895414517586824042387128371428870213
256750635058576907226207295870140856973
151694268876804071886905866913342009402
41237430487641460061111337356379891354
10976887583258330399747896419374844325
216554921322722250926730103772922159969
36269912593560588989439879497512621616
119008523951473954354739356074589843034
95372495987429766935395278896371341725
279474870070741778396354982777136199733
214011367967277607436070926879028897563
242392730921345780988420135338709882573
203296361946065892301419720761706680641
121060844816004305331115710472485880968
294897236959648316716636362606802618945
88596265423547986562533581077203935107
266729308071402678531286491146223706096
5684133966496679601571418291348271186
42545643129051426180699563460365468328
306963954986828510090950069708746170624
47955193838556467034704815021613967846
153232693688665812639917260176131150777
87435401851314928275704360395444761930
97831822206456391511394390473854476099
79327258480035503484348091848016963584
22446054751322571035856211664547954007
193009664348419624987706220593841481430
143559686223129244763854516409822549618
93298623431190325266683973895788502106
295791939591976297244713342479889656362
5522170383877471471670277365369780667
324182073002347964322481514148850498177
189002332460361631365445774402766956188
333341166289167043790640361809235026313
118888324322061516418548935587768236740
205224260540096646651957668075873898783
333411612985570489668543422134009534000
29763653654612914804790850803419770886
147897374352359378072642901094245099990
109238432239261856678652555597299447868
64811186535733017892089735967926558728
262177947627356002556517036772181123502
36200315924318468583544699153967167139
69604612706850788065546155616206598397
68059752033091425349710352481705191835
113714734704994051012695067671696951504
190212493059586741455865461523494982129
254726577035381196081472744246279259884
23280955817526022200678737073100522170
149628204699467749692810801606178578233
31440537416459487582732819349556724826
131881292916673546231686550620736785645
44710177352510892844336420888021733606
50785388080718859246396190537773448510
236041201475348385807565108507602343256
138720751160370849991263002373598985117
73149941983506096705013780627481712045
205995417334723770470073030042892346512
266131366953282980991463321660611978544
153493067518268699819373460081746371170
284101775910121971112623523543215442932
104174608062631742679238012671464449302
205347302230851166815840917601151503963
206567731215584165629868522616002474854
36164809703901964907520945829271299282
173759186380387271806831966230169872408
325949494974489097925860151888999344959
241517783592665237650251459855900671931
336625488302486825956024046769607875809
254956325765012713510689455137743106910
312338886703487226410337945881151979415
95024643628808969439502286959156201414
54909156642076980008031974982344547595
69083621822333717093499469852081740301
184455098263024154913649870520454299096
315231130938321189395464346579260531618
111190882711332484004378507784371990403
218465380868876485213457331531980134912
66134408754194641505728805429953824617
88895746208414341090935012655218320095
332953107782064334430286596872617777587
78111711773933426664523414122690437460
227226053379759918606179419110912863471
274621205152230375649417615596610113828
335232676271011139612236356179730936135
8956965004111855375376765781655067515
215264340998522825465170999885426946646
303712518170119520340696726813961185472
18885124161675465846585292132958415173
120312902227487106733833931305140157293
4185214721288498186283021424013446218
51410116051596605575546243728341462160
247922161307251202866237392268299775040
171865498368139550584064582345994239549
153368110888136454255144109802719375916
108528013965451421978277772174149484019
220886223452545843823566877901109971208
318848428859483400447976341359362346986
205281556541170965992445955106764460942
92434787657697581430990271395096417134
210546480671358655175567469488578065698
70116957869482514276488910375304547104
192088367479522634362418735648080930218
133714718085740824833891584911851899149
27831856521853835937263115752890614545
45405839892500120989303571311068336983
89873926045987225400852924443250799260
320302093951605397672757540604891366075
233631545388273909737817775838400978237
259045567413311481478283165444836687188
149554059572102680149813273470920870728
156414670192321862758843992831457753485
46154440298436292581039479051512249458
252781628287350459257527724807942481246
173432731919613166257551515495556236201
9164640937705494044736647098451965147
146491047875472614565230170523437954075
102160943565411362424284951197472294234
109769775698702991074483609290764831567
146169811608879065690211988960959555103
85851877394527688355556024003619396233
178863297935772765863473439793093934652
66153903542321237824647020655590251508
139609751712238687349828681483610469674
276365236545984109719248527645361817933
332141706253197833502450934335524968052
239319324071844449719470957134759100593
169550813319970782604166240187104120143
278731757105570165947598126681505414890
267216456778920482042036738960791446522
322863371823854750724806432447800511854
335692809926091798218499116490379974273
6544379149900168499148707763276812255
38394208634344948507583642972916539071
318199858719020821966643474153907573707
90246827538038583810940124593790045491
224008737837102310095097344489718409302
65823873510565512249083392523271583634
17747117134399754823617375268581119109
113506905739171993670476713605415415875
185608272949353677333812165867775141531
247773948915894148298628321409318034783
70381521772535711903654816831250086177
65296096529282171864363966475984453956
141270716555057592047912280690348572739
95905517567118185329445661877873749919
135711540666460230109787034241992354951
267652130304214741331162512493950366292
87983957584768357947511876869642215548
244617788430547233759858411702509338699
186221378316124528312903710083402367169
234446606532946569000885745927214277862
136114688183969609434351031133399390043
124383377762193902145680850173536848483
172321421925663701324068443886647969715
237442839846684734397955648472064631110
333367525102272222180376619776136187384
292147763050182046022166206636034439038
237596695817982885057437359793068483617
231420075341688909067393956050380600620
130718817867869129273103905401355271403
219238654544968829761746696792165764729
295837775135337061951834855427630918662
94445304589309540800287061738138668766
18025264506306385262340915695026471766
117791043770840215266213977807702306382
124518491253499534138923732610778233609
311292287876882358474989002382561543718
101469613627635614978903050616277537764
154044929519103954149255914626266391827
172348567941241412171501117539072214639
186323629357756228238135749871231919104
110742996156986828093617707698631599397
201866529637501627768865220554693599633
173722471723782213000969359313480977623
217912357325547957946438188271534840972
179728587141500275268931918549953146908
78933145891159383071959399425694983723
196739398130707188679806814320698645379
126536319912481590273130776239822340522
287921134471591597738266494923365305202
100634991479149370961986521652411471377
307519859009324940690240032696567898003
217415692724379562082409054431797803070
297657057822388307580603223711992469097
52013004612830591295976169099296143616
21118690682670025600764738466741534582
182668504363239491392647081303980437050
71680160613139567224087157615102042188
92657395488416676324648264338544001758
115974055037027619684617235389187625876
160507475583872991846575907987769827145
89460244116897795577888864550349008867
212959368940163091785134074266081728985
166051922690035147824499830131505890959
95542964716692720514824236988706320027
259114698975054039601656750496301831488
237176158130706965126461481250987351883
252523508641294534837398430305765929033
214438651867286624157102908637762343643
293346248656453580029278274804340313859
846390571887564083382380026004201647
95654259856455746787545484180383688494
253480397793673029757984695221472364774
10239978700881193910498023634518050795
118404745531163833578725048999636715263
114588397664329536247362535133461648813
277155844842656750530423237825713745869
101731685050098048228830638253734878167
230959901262407784435757138528007611525
289208427125625306271064560614174666425
245014753772721799293114138958666954251
166486652723999454581460304396060457429
185018877420231481150609588095094851762
161617185017686289289407667644666094753
123100977399233886396587665822194132975
248173860172367653972200427035029107658
244621060256591377500809584844794546298
310239698344403046991098766010260059796
183844407389557578257010626964671953759
219524274365267198392645584709882594619
338123954878428022772256411342821574958
3942837704647614872328342663820204233
235702194584724593693518190824385450514
62109172693468784116470653712801243660
11715029527069232633837448706217632383
89091563926711953238642343801127611803
138849048560128816587269468721245375926
275580415181666314987809317140493345756
54222963798639719403268519752464932779
178229957629014042135585456551636778412
251661514011436226361774193202986166485
258184665175434820910137630394110535570
246169983408719720364311695619329732588
115515703866936396490600774632885105431
270390852410149520653195159225723896560
24054124330678443328356069794445539528
112149737963567640420978907210425945376
227034002874000326781947920091210290582
146831370957506113249746600718945137903
123830260514625475469350735182402559588
140116726970462335116949199325313746409
17134625186323407489606948862795060260
11356040594345644065886676168369158026
8480127811979559195297860473633419471
318640853980116324630514278929184458847
340189011903060120699551901235369757680
178152659084084058576259741220667932875
158754454109165194550961781861536802492
302648138980418466253151376519680325450
306194010861908645696052362683287695879
57232399616670987821339585589065959036
193796244776699391516841544631250968176
155391560817270775728439261066464056565
215832424318126191430351595560884594843
196723230175620418948278740985985801958
47984696850609644073033527404333459802
218396644750292857189126920055086752814
249036191891618503341344973320190579059
186424007036436703364610038751979831861
223176078333933348073419452042948966689
282433169965029485804904444968673826054
334865983430509681990735967282716523815
252470273834917362710986951979918483856
14065588524387398488045642801130326129
98145562663184375549438662418075037836
35943288793463939747611880347538157262
178879860910291040178967059970336177759
8338978827320483520286042341883054732
208309203779859870728663260382109266264
64351667525959554710940196668102173340
83271639475781831038426171276895984382
101231825712184199583232866072641405900
84924732841955607855267862148014136895
122802565305739800123772429812373818703
241449743572288439547145608982638413912
273047411628102747412097618609308575185
181265129997164756926558252425207579390
47852557818456187418982882240726361567
6063580395191866609021661578187092152
335402295225053416157074362759256472929
61267556729210118526523068536375456393
200934843958727600879481606526144464689
266833804514380765555968658589361688943
101072894097451924195665698251855207533
328515014234576759538309276579336999000
80280100313392387849957496786177029494
194701770834146465653292654178882061002
62284594830235155722956407382052989372
315479621179613992590738352708665019949
319242352380268327880388713766705109608
155702113659850713276834905239697521478
61350096594127262335321704502478111157
273597502835466362902850664858068671806
80298718386232874820183901595542238603
304118304459161281972246052628668480030
274646902600863026396582161856043942906
180105651301060261540275489289530538485
300412834811343193089170269509218369107
150764264991910884365560797474265730362
150900981619507400839488779682229276166
48171783753194016236146988548475937133
162014112338931984720808543254235083507
166036326758224710287044756163570243792
61867824077843352021664124114514214269
79182678562983800042580125698996260523
148547020438481145255758168043723542227
259570063222814166025621389231461306565
10754071589903333807519583302983897498
49622918874288724582273955291213566453
3051824049880820463398088822313290990
249007655646232997075707587770244455146
54612686746565010243523320937108386511
138409066693266050801993720835190292583
16847788837787750761896812949779954116
89254956024888674412074707578689394199
291044182250432320759641338787665762448
330921108213476058776571771426187427843
120621367092096621028913066414721025821
145853524954721954429450971134070939928
81349081878501813741891460043119751548
39700605771158844659360102528968832157
225948001861745392142124078743988633010
309138752851683729213939873895479653281
325528491822180108592123669840388912294
237521225184653625955232341347806660499
91184549633030717594555687027219884629
276719228318137193411077229001866353935
264454105458649889646952275123430650099
216047492953019650741996612363608359412
252681114104081009385067597840017894545
72665975483640504118881623251247676707
44475666337246288312159840064172721845
140805653983841723164820511123330102948
15739625678675172145783377379165989962
246325977792375578697090804665675631126
210426379672036258954398878473725332978
202638684556935460056044835999433521481
281083242305246239870892617764437371737
261100316275452328812802880201235598758
297600439721694387275946836623752686319
130265018920873988618156374233130399427
262695398726199212219396430761844780302
53595268465605097192786197826966447922
99184115336590003148267608954691686117
268365682017332991890254496154038961656
215787529196665312036261732677368309971
71084829324563389993528709006083993551
56903781960406663355192669995686986799
124012784156986235237507206450530194437
109805157354823310131714737718010282600
97120856245824517888165219049689071167
124179347433778809074448749793259110191
305349677099417278603857764111555207927
319342700621154290105769725654597845780
121370523911218268174079320357809286653
292114314813865845556201300267029310044
156203012093840957831075970994192823819
312291163378936938291144028852170054699
31416133234325259800771303650078328403
260988408514449720321087935679677200136
230025753482226086238938596242543452017
118655522431148740962196958249756440632
58070663200815055026412586725625018743
173078998638001743290181328950458789302
251183281435703472011808422325873697495
6855219637793797926365198389254038614
305926625145282691386433523938277393307
222363368903736051892446097129791019710
171013984343740168029307121852420200140
243246159935613485387164674697093957350
308470045306091422126605903511974141334
159522685451436226325223834479995211969
232744711111288350772199062067379945861
154349271139395351299279243165554357316
249143806823061806073768171619983285802
291758759937586717585408520556849116494
213578408954136159428488141535743633709
269522803029472654956266916757346833792
93359093591712273010432797213031348217
149496217202030635833362952515612475147
322580962995923049303113694647095590491
224523949692564338166777980600095741070
152652427779938621072624179432211075905
201296919404873972134065149490209926118
183266220486693375035342349539776222025
205452751079043221068244325340764324028
140992372191607235581532871154465444628
302707400849003876511053407906915789075
37127058715019903029526404283188068218
257204740431201014797059878384944709850
56516248608131468473421039691654594946
84373741917811038792084803078173583194
35195426234663710790661347600211339241
327785198706071595309604154850379719916
257358117217513954338533279250721652199
166346653009418608439868840482039878657
335197513729587785873305306683964754152
17807117396551698225821224119132320754
255308319710119547067885124749248957436
295778973736107735434516566811019956260
162938453659237013677568137409470211477
299227438023752095574472230533722650683
73548074413518150124575754270661611032
322604879993947486586145695825325766720
141829965920723402823442633741471497600
258584186350723998365924603869032823114
309700505320196295828383356996013504688
40105296717826930764389588146249103840
64916962864426518327936900240540669585
60106609236352261449966822845741589225
242343056294165666022331367203550931977
149859578604212253279008953044428147909
307484686338272900602484838881299407126
21812346175216458203750593625307643780
74396286474035460809919168847766721628
134262208620251889114939447504042847463
53923142008767754897592407664777498845
71057822843287470362973561555634472133
177858570761660171920430945297296787527
139783262482096219520887025966866837544
222165173889627929126764821444799064161
229059385753692956308117452959173196025
73937654148396723034270158634515286015
249528325218812226419980190114536764345
226169473785638035439291546600189384203
77516393805687771573225111766208516391
92891045423233033424177633869095855250
61037868885705575176881339333302032402
62969315057113440804389983608426134821
318979153031478798014694124951582046217
48754449128664174362523907804911914757
333847680705159283796091491093314323374
20206915583755040203678196526066653858
30699309768796354294665893357606451936
145028943368212947136328328342359217897
36369915846991211791914232430469426817
134826793782436178724492896458145705767
62465880357971628698485518646872536474
29965537064769513219723806580226347696
147091505853907992110150235557196875281
276418661336411890702123016928794371632
100342936578477988025910325987934104551
258443134043753369149091110815165299330
97261336246820659909331888615520560005
85819165738200930993824718295195912939
247212005634784279226846216530784217962
317671830412641892313170731578317165513
55229120243198639429600331750591319391
307505102508748883319273406871989750331
58222601368441144670480813831488938135
82959854698059172806584244249698493073
320852504239773877790636441767073343362
53107098186862174745336991467331574509
135313127616597711984701087634969485595
158270550896130316909424956476084827420
62180088077184285144596016327196415625
96303420331497565568663622763531491574
255424300851332133911337751723400032162
148922221233289467689499761251802207536
116814391317557716720093089330711560133
101400251907949935217130716575090021475
204924655192517498818148450626099865697
100629365834671394848655827857518948610
188235494308436257390146173813646259973
152660940798076528152452250608069967226
316574767764221116720615443146954833362
223833074277301190925053627477580043610
101497709225661677383915074990872619886
147790603541970822141014772480649697381
143168561675464077362232813581301441461
335536808238043910185774922648166925686
32377595699782243916149675339539680809
55145308746096107948389447323032568726
99556132536856580106745499118746696949
294245944575316733728970737290688214684
285603397875967266091713887815667863856
326435860491016775227861196977903185561
338663017080564654729789070833085279169
39804508718913820003827878266298277678
111562377217992576416293132312531979159
136045435380351136310025928223247517991
332622480061293737766242004939992517940
43680074730387197855955657823426710935
206001932761822800177961159793103400645
164561463729377185109462814510396429778
188086775986924473026916887284847553434
182897153135983246320805419232879890327
131901017211090789695705311691840911930
24088016035253096473006513028947847670
10394175589358261951550932266972539204
320793327018364908254536771467468354512
187075715383130390122504199733722665455
36624299841297032233942733187271541930
180546499022983353789003261199835286349
237939910922818296485920699513041623833
43242729067443689519387709414363214851
99936604875702808212879773001141680592
60748182409039243817936222310731834265
182751563154743736242330276622478079107
65899395712533121912074717182372299550
74424205622944112230391247445010200850
177571979129667838835953593622505733203
194435461948588403377218442294309174140
322665035742083107707160419128600696652
127563099891867077366409742861002341994
7735917117978639302183376183070125591
50803825331978111305659690659817777726
171229057883481330330335289535615253291
82743900546143243070998818983934993297
81587397194619800745579846186416127176
68305412333908235489763167049855148695
231548336596293224640310076709314885994
223504684517960095380882763367913138966
5909569180692105916567906733834887439
320343422008810974594568133650124193175
78434370908935784243841437219395641586
226122096509412944217372971303477412152
196448379329011228821213030246166352735
81616522872669064923132851308753269566
106951618258639309627390444038453341296
316985611003318803893101032035534805360
155546411498157618568701382056918647618
116008852764771172670657023447610575269
217301972076469159839724318666478251468
92016171549742692027698553773410645858
246121261172363646804029803350153974855
121591696896146964471018106601102243311
27351712218752284987047175578613793402
245513869116525458458152540422667949122
222351939123746852974671419999423211574
13898978076015443424844385477630577156
317721273464255050332394820486480229598
49650610424493992813767430541180234035
312730091646708202889104180590994774251
273506427161252909671059084300339344101
157991386514666286167984958581301101450
232248788665576853147553010211988524533
322713464106746170641699776635116384868
330751685469336760394131411117591306541
31290700189110526117736256174673954749
222224313203370542770976983506754057700
288724104408436641710061040683498673924
80736007947211797482655551519650680190
266192751201645814891491781478913476691
120963228363946756226977201409331093576
218080220166440336246609532771581657242
66472421981279516670965671221933622293
159117341119015711857267503584745552628
167318064726647515905622003410838463142
89875314837008686338197370696104649573
47242502882315438744564779782543361991
314116333601909571837621095566718819391
98277522103554765293953252038326418347
271824444136818298218857720897567886984
309558577715469543448184280830018817439
101786469530197392842448014930816320895
73624451102026688489473981073742848452
63515035962982333016620570370288946123
212921899024671758078686127821612465147
155563956052281634308005933349014765879
17506851856786264607430610685770551690
173261109351291019791681023167302599041
40854018743548258421017571585277906508
26544497058301047312007806238858779931
234793956070786725342607338663787670693
243899738587982798860694053058191157492
241211319800784269941691215975519698153
310677892134979382278776522992575060321
216328318344063845613726372182234342457
19058251655088853915885334727315239503
153195306882666651882447798755887219608
91485485571928575088865421177352051277
317600791445794509708931008553753650899
26820001910017794770174424849699780306
154195724613856606480194837506050523722
90264954801627747705798489982912082409
182589974550084327779007023324921328064
88314252833566913677329867700942447878
286250833615289141683498058905220150454
74294921269914845007346566054417417624
12845441126217446126455819261413944050
18739845035058388478257165873636352391
261715393230794293220405896320929946242
280807031418614556550940405477178686933
23717760730479302074704631829788447652
21877613454772763306570215293907567526
27982928882733637948774446564882440331
114621457994330314545278356133351839921
106152867822600299429256861250200697699
60259667381260656977262837069885833491
13462833749096696521105978495628414380
17338730143991351749074614439408705226
326053929869469705887579951504418071108
334436863186396932383506103336386038085
130248148911274056587681960159221685681
211909413531249351825846455532624177541
22209583173034124302754716270056757351
267735121277633881888420569930085186083
23934522916102455252500747964553948376
188901026073044702025756105047770197951
142964996223832805745191133258146435105
190975848448397980166754192312416341934
321111367460324137493471621880459215432
10387219293036776183669657233907022332
337077366905131432804849430396084136056
298365383201230196808886163791715730878
310000384066821656240602182776525660284
255641034322954747647878751647065157311
291136747511834292310214106833868230625
109298946949901966284172325813785627043
90171166391175048676966464166561350594
269405971137990046835894998175203267953
275357133467410699516819276545904292507
85127117450869990444049036432689961070
90375229427824625130376808731876252827
70139362351983575124196309635445508015
172996115857774950948797727895121375632
70265065877334592096270213428619127827
136550527621095699075648025532956018611
123603193568621251605071961728285470728
188934639433212896084885035335679291771
82549719119605280943876966950237322719
240315512275803914847581849096085888983
224513453705676559110361645095204420019
297725274088918892552297782731330494810
320010224051077643504314563270446998000
102354894147993578070364780310484986579
109503850164342563256588287039560031372
125131318529800194103907650993347517093
272506518817365367475866567218248154011
272947071991504033062227811455983187978
10002365846631949377394672068492036577
62915124591925149984837417993574064515
249734922813183492314406424306781535534
310183131863429106580465068145319737171
218746349184705779047836472014757800195
101322565818484365712116541196702617509
186221751512911116590587305151951804702
105827820197180084307782763171530927393
248097135798733858846198342294946488936
234744527514100338688121654025210321566
317438869316484984605749326720324260907
281851859437059705919149768839432340729
316580811474079352982943416477797576647
206143274304291698126685849621277740257
136520914960751664716538052489171354814
217895794409441132572786389352955257870
60759183649366855029699307874056434908
244668500544455855238012007552433151036
122006388600915654902177612534549693056
14456709585972946009060986280581796299
274021130145735296306358292319023311553
323219224259812796710085543104839518541
156444114956802872267901030573049266876
65865306471509169587710732225995587544
34028985224357731135630530574783256680
284028428198562534123352892686238825536
267979903298118526932612393731936467424
140099873649646951138493831084732979052
339414557839058920792530670185793524748
240814899691888676631446518781250124024
327254422138046066877434278359460401858
109976149170139343150523094808735592612
126067442472526247446036687582811946594
26053837806005414918374730748484124245
276025681518360784248733102016375511746
168241628310474399169907005940072726932
9891023508024528253941685442493964777
233163763443895503294501836863484963985
72622942085628121336752865729178863064
264722073903525790425461140705373504498
292765229307751602746650628428489190790
164808960928889362114201223267358696101
25399086723732973812582742351733909046
243697348867504955784976553104053870484
11119469076445727222936626570006217420
267588975104419448470278539552757582552
36841389298191955338887508786642467830
209142640271111276265261421572507697540
214043651759475782482372281613470180774
261360248426607791989832940296090880
254071296165714347183169366540980254245
271833381101109577219724561730688753597
20767893457240667577546747550139099388
136133575772970345925955124630196562464
