307211079904631049587228862049815800286
56808485268860596171318290070872438706
6785865208292834336495225528786703539
80985145400675793909390361205525671221
200089784524385248693382475959763419794
290844358021613351956290426444252624030
67388139598866725579251635033815857540
308815020838334033475754159048028261077
299998706081205520548958860657190189285
226508720814743147702057572323343485835
333241287166455516489432542262392256198
101414888394716198631602095958534310945
292341833326520936105121070145316481519
31453318611718783511983127403651642122
268681122110627989443753213161667425765
135054796401162910898814126046290608044
264553107712336803948746255133532435012
121734333866857378751082568431373647570
139785262171309655342161499246638610245
313355071072884456743795017826878980315
261383961508253453647868030980732293009
234653301859515539717955640236933632381
256971659517479844917179349607120307564
185052438513334567120658608658456620871
278623728039019105716260515868422089460
216211489209144859950833742015874600066
11326008546109985343265330312187262423
334396855632747428005863559223133968732
105041233310493191056725101255968758835
332508186052383187149369071717628653041
339755411235043001497008717485281166678
47318253446640352443798749852165606473
97500729511057851764804698643353588638
210082358742237688005428404036354827198
249739686493780158661325735741672593461
201049218156096455998113255845850599883
267133803784142033991197289931562506525
280073175968794077087351313472969325771
88518192729801653625273543885837079279
96491846185721069640116910865335161837
173850875456755562835593448771081873047
19964117443364958249505867920061749331
215932892396590489751075960443458035473
139277940607832404134236919768252858527
202273665920744542342751282411866116542
56623493227369059120983065345113530679
272407806643130238165748807186400632304
244271474421944168542642951487301616999
281076047942422116008990910153339494763
60037034475587605072168428183534612159
275289567580323016218372521953082492631
215763517930844445406531933790276902992
40207824782806441944319035663118347703
193961633347033601418372022852073765395
169157617518254648368518373868089239131
69262004248190837700987337248788444939
309177011237118411437278447173352999146
106305461010139665805756896578579275450
80965513646074598789187216874969128668
63596711434538998316057700134190154687
162413395546381009979477791283639786074
311395972825127074992384936761619502984
15904956879289937226263007923075951329
190778130594381680458380291441000429744
100937838309994286359529838583814494549
123358830857892746626021040230212923361
267407642763037382215757471488380436740
105895769483782455464335891541562004131
158811905876679268271091624078485366773
314116885353252067661406205854965686505
285865881154233040475101758404648381371
186421788302673532863974224281732487677
340110540034475336833037372604575051930
146258875404882502368145509810684391433
295388061598750720200638805855216239503
189241843961214233640268880961527285475
152188113640190663253171132755248993218
151085907955560705556495234831363521819
119436349816709769327083138175035701385
90974865806791710957764319188592678342
233409082559477033045470959718063535071
282946902142531994397677597682477429934
216929462584348825110884607534429583936
319053550778881543381810831758309707656
31943907170341788228637958783658047752
28149350533093909859091532078867043194
144604124475607545233165519417781074442
8397569630196721460006387301679205510
143572530338504201734953925495446607447
247097830443130241010283177795416372386
126712348408384865538996477098586014541
212540120107023241069509807953590007271
144468707308117491011089561353243465222
132840812972286343033493946860974305842
48928267147046695473208244902993034635
248383510983987937535124148660920601562
307890323051700447381164517176923535570
18713292762429492858639928026468892617
223490407456596709654443892439707674926
171092055982297785344648218040825945707
67826299222192029073564156978457997946
41012388394726234728379060095533080296
177495980279682438157920080415011463021
187175245222486814687677005213588231914
306857895504955346753929142607374949320
167806075577098378996483408896861750416
8712012831906399758117110042762472006
50728835864796108564533734658468813793
300107652004523058080845804225885166444
101145665621561146791990307647011776735
203965024393016810559971126402416589931
226491831366230730564268434226298816231
154627404648802585143954332595412669527
252507447742438412366977208870908156713
321369270709224229057808765975477424365
37010858138336181749375849023286610856
18903055396935781462428864701398604098
202284472892889641761370500967737873440
286387481649740127050947187245448181358
76222812437571808862187339418786217494
250210645303025754796644444830371451713
188943078012686353093718854561237191030
298348772446419620927743360112736352066
162939254646587547627092921896423662085
73200918908676127525049136844726664911
76843594908863091837491035209760715924
216833348790793993094322803787105862478
210096503167666824805878643033601826114
17670847637081638855960637046532964041
225739649989460963368556565910305634179
283795005369249081510535925513047815554
43668989081647845193335569352270642509
104966562585931882909486119734731316312
158594552135796780717663998741459001593
284999656014241560022403885394454205261
202734432475879598163258745625593732038
77146413536752776178804354100993095514
169406782080092136859803273615531654588
45562624406354683501003346834973330997
88411616963241282939572966025154600577
145487838156072373774468865807417939593
335466664913604521063477452799226848918
336424635387212854106370796942559882561
160704343295671346305983471389409047467
248142441102849571062869622550485551158
77674896014924726804490154114519177663
223238340953583006885056525081435378000
316582499098644495002082094452260474120
300992885278024282928306591073451438636
153413671560540645340834151976947168354
251908930630341767143302965669724156999
264601416990265924051491319102195829783
196165686254755535279241838445069631536
325179020706082491766853464307844811402
194894069464119951452945328704525930171
99038113299402832372212182491534556019
333201080877079823024704190158779377967
90578332477662194564629727464907716150
70351499649910523415434167033856002615
260021339491014934440970615513602570657
83914915582783286457890338186868407339
10269483548513840758623976044386167812
287451520663697716991677294421009742899
240857576964796258498073093608548094114
99206447825336391210835198385262698936
277126787160652503598957751589053963648
332910449315842472214987149209523964248
73362259450407355607833912444629792048
187746959573424841910240360656491946078
50527445544822520828004401145086346206
330538459359270448439672995348174639779
85241112277476004859953199444997818051
302130369820668184540839602479160554507
74769296289400339419823845323734364064
90670946574608029450449234772271415152
323551643298919134770729277937267236462
250355449827017748152712730616836604690
112885907241567892980667933734100588128
302761419530625563592139060400987484681
270419642848641349583144927834044157074
4614393444808037415341407370261426403
63759769042373225991897561872900160823
56789813730434793251998377743514290275
17978563723091909290279030023544472766
289316658911407698164801437215779401219
160450719536201162056188234806457140824
137334402201868017353071558285423163395
39237415324727195362416384960278687228
17474486131580258226624140194928570525
340231801296790636049917697756830659547
99733297230448347763589958429977633878
39551675747804396907402559943465414530
58489361484654587029795379882713005954
33461407735719830526886156369931827629
83312647353108798576684494130385920323
62137281731193838319421599022501812322
112552551920386832509792845996301936084
76578941461302149144509232773203475379
306347519382668308289326694084120694038
30697498869256886981771675666195407348
88736993391590577377745362827041598194
75751659276899103705553219280063421136
27039860641155314203207806670288379327
40276434096609804208893018371909003664
329797632693371999253900721340446159903
36842428778932167397532396517512140249
60411525209971965426915915825675679729
26081988755861042528249515096172534712
74353642605356812400121285081397141445
5806320681315743782389145449738161265
54889775836433822301683400653290908055
130420207844643750783535940365895579254
31868733479384873087746887035862735555
180593330922092045556019593598981611336
157419253869093241411435182683127432687
295989121138230830881261495753774462858
300880433761048393667426991835175721266
8398899680100072428408899485124681574
320604870555724974281005278176535241618
139431410189093987551886590448488097811
234608398469465537483834435753102689520
247574610649368634968335540870010228077
313718844290834780441741374308672928642
68313982478513322247504259125436880269
206303055609589359965011696681044561311
276559455362441654557383310624743875462
177025496117040925836260817349383308559
102538047142891034945348338812838981984
129047055939377264081471179138243330535
107319423738052898537132143899568477024
239664399248102770691496806632026644285
35121179867682355042560607046411618720
189566345741867847649516971715905305201
28919520656215816442719214065111280860
307470029685038482922452445493033947689
68859612988195036676425886246821045040
189990712697535408401884425875060008950
103393750182182514602387517484092728857
202039469969768908941160295751443863500
213590570084915009884127954568466366072
51225534844790815778285857114699481980
246261838326792400151160333774904378712
340190864755399673439849014666145283089
11195347437754503700348923062311829727
144533823721992246289644261685126667257
172004981747115256210570791575870624247
139737212527863904320563559950629999618
262169261107130545137595913434622040890
271057332765093263605538098254791925229
23497223457090480330672028728501546811
172409714572030378895022405728430661458
180670184942454582688862731083637728692
34527770812386759302006004840613347747
283162977239555735907637322572756290437
331232121920739879375605820898041029015
278580703313006322458537241674022942672
70704555481982764475427099606753371258
139640242852403327802137418186600610796
186060891061703030483796691153581614791
9272855727705999018172983101841720966
158889533637613970885464333736700673047
161601316777228934598615442166491551521
76200863973291241909737750745053721989
325630598160584744880046641440145994033
210807708968587551975879199623606524193
26169805326479694218611452676236017628
208291147097153038717487776272052034978
67072448634128820318456528680813542099
79561662186001324647644927351034195510
336684660821060547543746438463505261197
195707532983503579132630997238821623854
61841142585252909922427870812489856151
299997709110520606585020287592443495800
128659909391046160312151565388105928064
268756106533193655638567829442398429191
219309678440596544471778790988206817430
296733970466060750976455408577787149805
16220855014221167191046418904988210760
190000186521726450049969734271425488810
69403865909083256275739170631285251738
169368008038925309045921080403098518531
98426618704371299182446942007723664236
29916825597276741906953656127131474203
517289323541202058694823971202219175
92029706725148157567422492462938293114
134304136175582010209806636329828373151
101737695974175390339036613554451082303
166259785313875821789039458957736363040
98011392726565611052419531360161049399
102854885774046243153596851983670501659
223121033476712106790437514833286040157
178882302125184223007297949408277613984
247945168406809429573982686441994829722
237139319399671727555260268728536249493
338387319352277672217970525535045137986
147523637168891770818209013348497857363
142559767888185890500635999799040186273
76326727358288715017824552419049336072
305863840779840554421917172814709028693
48388929177215980341908811907854729703
3713687499030603236452543722609211688
205018871038848385520397251383048405206
38730319408798492230308099518963080805
68244250673761593796209086547820680421
3502752704908135301521049078642868423
125523871692673964794103982584329324032
58534810998915577951184985182942600486
283988857963311387094338641486508391346
4795422425179229215811635254686335930
330853537481795134120396923381019774636
141305989417013791058864866401611966897
115013203995550337802465622412676414969
67317687989441369093894580019388482354
167636189141775088028452817155475009993
205738248721184333845194175491179151242
235219436307214384477982835646354649268
326913042817597276846508153440326911729
262479743906364932432289187391755948741
71050802708979752183915211471614530310
196407542688888462449501425182910944963
188022644682941269726015566609459312924
333572508177835192495991957659870356867
258982680465966080745666785216690361651
258931871197153485446560335826237607884
141557185706005175000884558574191513436
218090402476366698234686912219771148539
27296044233485362070426875246710311614
138097318098827438348987906804404418137
105529617685214012421051433903528404910
22515480936371355872758212939424405006
276633151797524231518674573167834250284
201451880902340423569882994714394590884
180955374307637762451750683758844634260
275306859369434835897064531594398796432
339329253798940819003176993627269900906
268747022652580461827269344866724764776
249462303249825507551087587295062181208
7042198383502888137359513269603248935
50608536930820204051139061338870536775
211168164542584473897258200444793359717
64517603838142035403171835979281542800
109996927604160105784599356779539813293
98169877982686499780786829315922284250
38279397808850993791871345965192924682
49204269701914013989229102559212481713
286798693585318412587269950522427940249
154529706055446922075706715469395355817
42350317068824851445791007868340270734
246836715976752169579747436602745284515
164003856915496947613812334605294201876
125600488166992191963093644941174431230
134063629277327706947058338858830241753
187843555200156647717164461821075778480
41941944984412758030400533781285862875
173085562333876339624034395249623171826
227092491254796926003520431896552705618
33857362010736499800488107295788340827
318919600673316504597319927459762531901
287443342507184294505840860673445292961
152451123151027711375983731884607977118
335817594481755114903822961554507311046
93943288577526294835506284854073274417
316229787614045594907066225808239087359
3403619113146143461677322382326973835
16429183367323628731605038714347508093
332281063029856880231291955676936315132
277161221766691603242995473056577165720
155011846835615613596110643293089262495
328700392665156230392882114592809197068
2585580675401529312755184365321636219
282930072782566095816355147825066673767
23798670172952442927709538502162296145
140886931353841834706091986726595072877
11268684622295067805937287447616475078
298535474537031445768796451321246633122
15191466399284554456499937187553778860
298195463712809291018702643442974365364
46360001141587735571454121881090029754
227634012584354388291585119178761948133
52410749683119996893896524162996335873
99283895652222652408675582592143502487
34813821579164426911213350271069007355
283873611190792148237742642403655239952
223664131048773420045338685374680228756
71695171668737456988868203009311309504
91192203800722560115161617961182640618
242724715202622346883551848503140148446
133145997296875107752140905667500633416
335315883177968628972104731875816376022
222151025765582813883737743900628884907
231784596729382635667386824687327247046
300115185497404951162133840798289709168
143339293735777338357731407649918057575
315814833305328561181400452296397815896
9978165760691094944883177674549776646
329781565420143870326228101967116577807
191501131024524454016660919998760091141
121847946394805433130576265168991437704
184008819641905029132416924674144390142
188972614704664372876664664075078586095
243181663694995354327474041236605197491
113174875629869644528550262912466578460
316816369013598742462342318737863336781
217100439887796372006886053439755484167
146182544786650756168664991004783001136
119221837614443574401974258859063169646
55279214527711250611245398400028951883
125465509427594118916992289469148090982
207663134740586183598107367128123813758
124191186888395734979284682553472495010
5811829141157925341907451391792491264
162370516859914527183059180580964684956
94527929998388395827246633942553976807
92152561328944788603833972472926800931
56860898931345735218540669126488719725
3881205993864309481097541317562885201
192775327690824941459728955804771087689
191210267495946036244376542808914035759
203723365463883229247237796494428698190
174888980421879384680937920737932964274
140384877980987894552735098434099886162
180592068342375424432231286080695356629
166011237522823877322745764263635771421
289604857942068941742349623474535565458
271016913382878416440892676304210378405
104714881684668820413666234911786922276
306901837809560833851181576497221053147
27907208072886578143041524943816069861
321310855512764149308696790588707215924
301977002122061015143430482266702768223
72811551146967541771671425764091019807
265555790647231712483291055046935666110
186772855937662396533580254203051737418
227965055111429407907706234980979278731
281339284653901133096600337370188403240
158731666601948094005551755635968457393
213369226764799525835752172377804580522
87019306768673000540872602390844747386
58859620602621115900483873490815586295
260137403785560127979793880996881435099
132953499316922117689644551598761874906
219836367787921475378336443601297338729
271752324079628719513222884763275098387
175241509024201844780393098733125718801
121927843254226454505142624344440635120
29704995076791604674537219908688683034
116643966493621534442819557074085969201
231762840091193889532467310833616672152
97973131895497330565377141932822103428
44997734232048607316705084596157020799
134558885174123566908433296116143123630
10175614455316695630248279245405555740
315508226567748055780928948901651328908
212071121463231658006722567014220529586
222276001254949404036018929012253844626
234432064803512121523323348515788541943
186304261240962212980594631677486675298
130484562298045515621443292484549227249
25307061655462526836591415929200306130
14850294319190442503765320535150847903
247319536049819943962182433196258787762
37870650557135219447696521870948344393
309565026655645587379272973887180470379
291920987478845477807480066508522417614
251644343585354487537951742153527128370
201250839479498201899485799596634599572
234879153288674585003271583035214323105
2076624000140958630639165592743515583
173096686131956642935205007456742517310
13129951749164012663485468859836852151
201628689234437245892343276435363783600
224481688706863668218818659929838037697
209889357423004007332285341268773637321
42523140725996020848909203235845443877
94535602995642403900038661518259993532
41950829738711940389176462442594923117
250036717777397137351925658160481491245
261960911000400766906096880132963759449
49209005948529876610479655094931944680
258559192340223250397132883769905601868
282036717810899082317355832502324540701
203139666228193379393343448072198708931
339053885302059206171890573604464801151
83800195678457967129764037287171991862
310922301546554166135942003496358418479
3118935561078504857592859058067279179
42949337249707019842491259648203857921
154561231269789643695808284142582292158
40304220836241830403364994713251433261
93245200878449201039287326014391980122
91985089454635250263264572865829442281
200030878568896770366245689047771110184
120165342116622463997946806374978633920
227745455205101626182493859270513624058
338670326265689959112769421151383313746
10323435613897336322586334615879875093
78202401330795461108894623593085624956
34572432149027215531579583833022348451
277767031348827629698013160668530007936
245134564372078118335405466522722004512
10766260093732437414810493934206398435
18348044766962699110295273080039170781
97371063113002037414593429271239869058
70766308545858154631392264678585359460
216397094658051658215095199836309585148
273200581571210452030811593557946935214
44832579157860759369034453220673334478
80481587661279723756536696573987742154
304368324501262678054750358485211790920
165103849382324191586951559803718434522
18667067923303744341738085354940218176
244080099516732521833143949792854307389
224343113765339282727696801354642040954
302003395016815352787954173906650981115
20385123502047103852316164557760713921
294684103853887469685131742548698424876
284150550889981933794722243132637636621
198963416987291009331732087915922348922
301952519675332097754255675109722273783
306374702295762320163492031199793061496
20244028637393054145394890723245137806
324150960305116013096862012472496523179
70885121719528608629139065832451367466
249899098864212847889187429538887811701
91840385849024130933761386186979230927
82052160467890637307240098349776218079
61768223808839136523409824386489260008
11718389649856683045449549042070012509
176500086141585186142789200974353381956
196961258126095413122676432648846372777
101926387268445586074933656701494757375
295542195717989202404303644153047402117
200068315820886793765744507860140090545
283291581525054007828285583960575932313
36551768726160458702091528273055642091
200179980790840753047902695389687807575
209067318233275385285398991602364775273
204730087613455774333505132491059871243
134671316219825722233027074996980583901
209910360666650300219074786806217339892
300542171470606598661263493604692235088
267106925704994340576469501180120583468
116899702781513637916948936173502784728
310502194814689836643537382495622985355
27517644607304619482716473625291026944
329187459939059117820858768949653800430
318679771213488267604505004568817704971
274418548798805515608385878259772306507
187131533380544915357204887672815125678
48898775577117453806164701371923803705
65682798536889111036202395596443179353
130361397640300854088492438112514579436
179790007014192675563607837485524664379
64257757829473510298023200076153876520
23439753796640959292981687662486180008
249673171812599042473638655886635816693
230624689181720970747527360037532858497
172578271270065483191130958776849013877
330267877086046088529566749535083263877
281870921603609502627394810206509046627
215590651956883260422295199171348115180
204155731453080051343685153135265580184
146782137231800690923495538923754452740
247474565635450088311722716503213283661
159753751824214410019642141875514994028
162625203778003292863156039361692951963
45168509481868328009308214354919215567
59944988887327551988557095197424358731
179946997723514639918658619478265231398
112528306427301236956658275486484043111
39956115938558206798793882526583230004
278108400396648865729494939762759561372
219528304504588835711877170062993722840
124544919186740467678567769187497091501
223059228962654588539640986456762017143
136449921089354546049531800004494044704
105859929723785639364986995308122602421
5855080895708199183637069745171909320
5129877581423345842875284401040413954
223566777074090648992819533307297450053
43954858162871340394414417754837820850
54024497043433411759263578125840278383
287277831904737982500814976789961008716
15485126114799159920715449845044037585
194864532771810255914293566587849840047
180750086255616139341943543568441967246
133310788493445507328920788772852508761
194015541461262399541923458488646249237
63739524501757403498201970634599192710
250533256076266179097909839155149102023
295641554797533662853556254238837997144
307195071676826796900022714496115212494
38304429561672709928084377978839179477
299859969245897390930291089894121301130
212401891716562694274530646033279469610
279085851634078518124928567365667003507
58841079268165066514008365663808301440
291483007589734255991723585166655055963
19932579901818926052884860269846529582
62714739209424440297232053646209768027
158689450888225990788176845272217104940
295021584498863423254869852437368001600
139209546896457099887180892173769279257
81954132503634097056876002752084704268
229028890746785296683854380762347045190
19978101182191662697229946508635024408
97472460075352280877917954645180426360
32498951120189764100473223104958327586
296227413124391486292339102023102193777
290938992201404989449717152508527619195
246054547921932661891825849033809538947
101137807466463026662350539776413024046
277024736623348836274034898232860378718
41423686177904557301501522485225575328
125176574908589194249782434316876829861
171443621428645000155146920104750621356
91417737711889086357691372260589941910
202977379621510207918732149244966732092
201528284671279869856511676387820092572
130694009260153249578445825915828888889
6326131595006084772166522966078286254
327709715565261164703824235743120864608
307318300238395096771843903553298317056
325445007848187532696757401830606788976
13418604733881216936674850549886149578
271953696400436020475479112673760091047
237651651400898305161576774176640604480
10406259148350199301808086071530409612
330120704221091901554033237938287673374
162188311278866754243482620612135497534
301525422202497016366663747115008427064
183050576267386864473492115941983818500
238193492758432441392668149046533561920
133491128945268783828023775636958898401
333892718147015890584614014751408859805
86444827018519912727853282322645008752
59298573723699430557622518858683889388
161470828772099970950668499518174653162
150709109305584065661972458283874383223
283797157208400692192724960348324023267
328127159000600289673001875247625523298
224367381674786937816993825436696931178
280205101656839807283572391230378589229
147125418360541620393083882166461072608
179885515965751307085312493716071280700
131350553727058289039889343171596428354
302588320475465678992252516052269535390
244112008336842340693369465463154258096
241725306913179695203435099933345645350
44354630717039102996439186866222149178
114132422425368961987453601972615522840
260815360121372423174835973742879553174
47582402816929529147260223044885662125
319941825080563783803735063209301647139
287597435404857081850380276175787552443
41316537791843053851473166716822282096
10081580042303457416203001353394884699
53942337952565714330880649482914383950
321748648881962873306989747265752750150
113201144939469785103264634291983034635
67630674314269199226458570103521083144
321528194300538126924890762717420826658
87398190361447524815225310246915601674
35510695487667964070603089049402807692
218767774134620978489692576059533859544
41211030904812756214188798867566341055
327038331420421168654005065026264238571
299736035971894096866876251619447618572
72398724835812175621303867305148461233
308917466175378658558388880727527367731
226889809482206205820671429045800685232
301538635890738833880512444026021555862
183701929979403695313589111354459018969
293696297615913922901226510751345422445
259435700029758016146325230652119108403
190944132698067121600997393139681098804
14637374848373798776288420918723782283
92187754815274987252366447327856140053
202256656679685257064157376045662497557
162423594686864466287665881760286873782
202147938676515833594241042075014242224
28307497925109102381348557438913065812
76192197784360370223342243841699442867
294231590967444227868399679720417336016
82751094233333040660691967135530495665
305857690177481460451293549246884269095
318914754818544404550175169459426991244
314236442657125581832628554720135174792
202929766650609474356853271554420668174
104490858791980546908031651805849418400
65451612017922843370279607669476272175
36162197363345123960819451977276850029
231116515224521397628080772324336593499
159416710833645263095078284678286740451
108377970036837450675205461793385322524
331693639528179716963465108006766870732
58089670188307436990932752948965390208
100541756040733925352022868400341860932
233717518137642585315134026678031856602
66651582593778654599855182647658303664
117997068186341645544078776865855816278
135077817571358881240277619458535742097
195088792224326144131273155410258633550
257377710623083501668918514931632436788
13807037460491653433153068982820122240
58603651714128371263801307065990541891
269152055936345557491595106096806964688
305774013055706604360069382286356798609
281213028625536326915339612470298989550
142889492994869289607652568771080677950
248186061961683749743253784665448162791
47268902510940356996410217707930886065
96272122370431452914160015963971106190
193790522039486706173768260589844456172
230353105490066646413050185628278141108
86916517596916583063779998841219319157
303999300555996946648901675073635344361
246808452300546975976484429617555394946
215770061471012927789970076786739163607
183975681151911180668556492808888999090
65531890310988629999055402465800935517
189647310261076042793936996842381192509
176453682369560610285764038063051720136
314712792139025327261119727755759887277
197331306339296982533819979784617698378
44712365357957592061041714696084266890
5928322001803970801684864476907408999
137566334607137424404167933983750948347
172853291746196589194492277079600143608
250369465400160557697520962830416601279
204195182366809089860979550507373087933
92640774708593642422318016306257763384
40558890709561605785405275926267730544
254243220679923011858590681727414799280
338573326448907078228434603766306292978
80688728748435414320350216969053558977
315294421852534528768468028153984784359
168800715968659091462718725001779388294
66902669059607410131273706004100129957
33593487950481595071880927038195639178
46176181222500204822869577943648285063
205196407316915589327365500367114935746
135376096548214595702355242495256613647
235062496284102452367273193679603592403
255908380370664185469212282791663950609
244757683525756996996112902529306580482
1662339851583017468851199113597905274
252821600720165287520418269670371021857
176658144843249176568392955004185383208
193962178743707388772621717996051450888
249084397975034611089032880778712490339
133454916962914424803825118232021165714
183949150481860917558911536628560229648
287820223000185408013408170098720480878
207323295646246678185568354080157428211
120042751056931638928482223591457677905
178393774472344237157781615912234233360
261335763247130911782702968225709455331
262931199780211401589495081245696832707
247189562092498442944847434435822717664
34298608978605526397777399692889979601
325935291897782804860423031658166244700
279703443934615196673721320220453296075
256698229001302142997068588706177121527
66626178933273812882986295047852857788
339063552098308881813690076665812878701
201306020479884106735174026299371768884
281806832732425690305561003232494171354
109409883916070004134557834791723285322
325666121987701007019051616434027021270
114457444772710972201774689207329698260
154000746543963136809769635218715623069
160575846221076029397682106206434602180
246346291116497580811095130836110819432
311407561327909380928174454717619782495
213250974050311262549540140623459650470
241133165896479083937391936473169112381
23435068307531629841801827659622736576
159418791714575711936067871780833800230
58104599430867235053253338424021840743
100602830020518517722211127708548330880
133207967105592209233566299259469491559
135299824367311417036543269851585499532
250304000074155638546118536778857866474
179944571499137068786500394865177180242
160996692372912234538813203132405521756
28294560326694170479331346255272945244
260477955017425317314134967941990757369
72730605096500501299052203095327786873
337782323642783476720365059728489440323
262305052466049849997977201940739547445
148296965019547677499549309742081337713
266110838833108183018689343595660673788
236955635473884146793602531331426001128
98059579142881174928546001603944041230
339189809498979564136898006206743735245
177544621634793168801151545072750220137
167795676941805231416422524343956219114
198670948520194907855642718550689740318
34060556951710387522415100246267069897
338988868028469193437847246604227729743
108367230194768622666990335081013179388
290080835722462022303062435224741568863
233179983318113248189641995674787596025
200086251171240814646021914086403103259
293712045286236823234677201634041955441
33695585796180514647130353897472431048
68614382459022514421060375255048319021
135557278813133100791495695323820736241
272054037550899826080471232448432884246
255863318687317344810276721623198325764
285099691012652471871608238270331123636
202201691475064299829792686671533817303
77815784549819779866335572230337730204
289553353594709686533842242282337441789
95278172193208482276880646303360162972
117590129982791947044527247728692169146
296263702971303304242918690853959402784
163276625442116786490598940341577439778
71646174428681399713374166565871394890
100394421283748813102080218917790803969
62290705343577491639941837827464007324
310692751299769043991459494630543150611
70822030538282033293449013262690876342
332452004565664392980059436073101980623
292221517548926330657621410072503169679
84949543772507692782341323009318218300
6942906408482965700133391395513068205
73429189508189727463438660324578739699
306284641861209361021605792422288112289
255958368474479786897644569173555214256
33310304532786011059360828761331487443
139483856383845658599939663045195433401
276702735113443819902956611499330488492
267117674420412814416715811522903741341
38963548174415869368657460770488129214
155464619260930875485414831605572574150
291951899522882753946927326150330491476
123713340048299444485204206803533197422
186885818440290382217089334021971789014
79009810085958797373620408213352756363
132927721295723285987361015735243065893
207561734918507789780440795854367253213
205155959197019108456207037798834838320
284409745268535921568721273925364333605
61387272126675643886693572195219800441
51888955992208794529533757865478066773
279174026696820369639372818094049326457
225530290604887358790644531962777575129
296161162887726015561458705462936934351
306140958984876658339136809776706584146
310501924217155682046997572213467893191
38852156672116361589196522039596537406
46428756553172672218106963652314453231
53943755057449510309623245493641250176
137122245545785163642989338937135202848
197801548109434396640958171843478692674
266676805368413306459520080372466597842
114883113020568660635749026098541693096
227650133698857041040173973146598666202
170603556784790785693183298339916811444
288855711977022998650713345864070388883
336685384112775519122978015916232774140
300986546360379770226350582857181840327
232887963982465767624487433105167069088
130014245026669769551377052814588593049
127472173165533931471487230240017080473
259452714069839201493835966140470737620
186389560678156585784586023765572075961
137693458177820398430503759682501102101
217248618096193632534312563043673235589
67051130420230669862106482153601055752
210020572627857227093910091230988262721
110858961192425755279727482819697973763
329130095440706529351341447800327282984
326452622521336106778594212756187665582
246571602722973289344833605512561277227
86545478532493967451093251105080396586
87782558890997924826339021342479275730
292655508533418318229733382011374137265
149076378355719852775034684120102791580
68476987330399533909196006621294943829
80051340140575432939565975695977994751
308997265774722189830653614944349014540
307436314606265253228846295267394694535
266529878452562601184560135862008623746
146201831189337178558501953821250431441
275965020187753873504313492718805225812
317263135065574424879315175790350906801
138022941961215496320613023855525436579
157237402461512024781373313763652790589
5923316381106684710218604048588517787
105329352818327927488061152608883396367
313527308773947632507805772867452727585
221885957606312379315059226523166428396
280722829927518902246990779797042777558
257485476923983171431619313641042022480
296468455829713124502438713781099327058
233624197559492056451472529980296520517
35374126716031798855554918402276503620
189921342935375214644799025298449316972
97212748342514598927392108520864251184
112375960950539132459763966066168486253
327507688052001876143507158072214704252
56966361708298402896023986300873028992
298596854040405835855272617995694323635
137371132820093807430336969358062445360
250876111842067591168058932955970082174
282336691476188495585201399841950529050
112063161028545987276901223654921625749
114217549491799233484496154113247004673
254419996527794831751864235799800580966
256867567433202228708076600925260044524
24158215632625328075149678764077573715
218322655271402365703097100733892239591
59434791389649946617375670894110846717
75718809387365884454148935057367003123
321027136379585128584624232522810153277
215785797821381889113751750877608656238
240618713955400800033150018332650547117
94460825253211348299186083826772877679
177308422404969915408093936608941492876
244126068224975167202446879724590044409
216751418268014487056154320036141006517
315882285479130928019159829871355462872
148773317818716661203708996122348815233
222690342984735849344471573383997479072
157990392730357927073666646524119735349
137717665171985591395595922864518351842
6960262137971710714927575197956966108
134016579882113862766763449122049898452
71491104589598936474011365055398664628
199530874063062288777837111017851281662
108483790645725975938314288196978539213
288397000929888712197098706649430540484
126445663715227949661573122543230517317
97133544622392478602448334092656847776
139706834198731949420621478122633611103
122387048610757256767117803640389772085
222654264098339295663596439509746880636
299758508230458262294438969243317430490
19875441184145512938138969695754505958
250893461236236295058536274523754699396
278189515860105791025729246087171569088
6985580227692313190560176437087767947
299840593041036069216044419515754102909
81257356589349747591518202041645384685
43826958109446869889994926225853343553
222561655310921981854503302379768546120
189345661969134150536816806243575607171
159328581053122451984724062017949691104
103097446940686527616664740308464081593
285184255713170078936870441291973707361
125095602378652468002584310752410351648
144236894644504642380453315418005147016
329599191275302209909372533416638088732
279440914272694330298537592632022432804
88941302694725962806327451661594475195
256763796735403662532835277826142215116
96331603033769218963381102782950292023
164924639716891675809758559041777806740
329194212695748899830220898356928553339
314370768929889418707206524644227059959
240322431157737889300995880016824002539
260428326599983077911128549456816888130
276510878433430011112460999891856266520
275055347342792950973478059107904566884
62848846222964351262967306936549066476
86211142253733137265754845465412463681
335375647274073232743345541737884221348
104987849203105659394880013274843508621
225886991052787064486053576183487599170
455300374613540486246988769212678007
7393206309484877330090266596871269717
33171117085917508953586550717423570242
260662520291164848409560713718195009882
21936963074303773781735772397232761032
156633292899922696658281224372283513173
178588454107650317720382293834753910503
302405839003266678693628774841760171178
296486585292222003537416345729040944641
297367224567997457181444967275009522843
251076349009052595198279959547908109110
41894388741836477826161559730038349955
71687143920345033556735341930254359378
41435992928647557213047509938330879521
91979884152501814814838802819088123855
72230648222612844487444458548541265379
121820162694199187640278697345619924934
201913073315253353461609590902884367455
242059378910792603014136411150317389575
2287087294861362855569543898979472067
108405375040878812859561212125680413821
89889001715095137784805999985073756317
169953779065146357741249277919355200797
5240741761302220262092741675624228742
87020545559484982592039566435061430691
266072551367324903373821788599986679700
224320717174753848501944524207203574522
325901036437717827814120604374230572461
179133354173411926620998817838406349829
328001187956207934138119562417943098014
149470082977443058380026443895836360069
154769901204752161294901454266373629911
308722025351220567016269663576125639120
241053390143967659044303248706748784317
136349017332969318280661136282045442123
180386393499423441987156016460687216753
54016203344670913660722280080394521160
11999097587928183110454921540406725570
145537669861078550832214354648499535999
46958375451871002943727242810802106210
120255783374760166448532032984520791088
242702307627889484880835591839627339343
193702881913224161995294960079117265790
2381242929340746316375791889665242299
1959240482114423262701380535269650548
6483629127076120130123783325068469189
258314701478309931549824032727925057823
276039504334923708274630968097175405968
151673067708317544456419135894089423926
162425461270229261771503225702448480586
215296625392649786242483157530461377941
245760482477418783484233551832201929530
220163385527147601763945920247944121090
38178477769677838958618421912757650088
61336746279791222127018433510186197065
24284488678020467063913909612154748185
277932490166580533253749758694061811452
138385880126461858542129919448641222074
101332235472934671917342581883380170235
234754150399248739347248355838624427286
204867923719863871365642824772008710923
321561258964055908742000257376049691300
2244715132533416362837720407443448429
58173015478632395954124366522154570374
36928120742514123434791298985582210311
244145840943600186723162156104653071828
209066505502522285761998595703553610170
142623353881974693115102855091141990154
300810031376903981662651073228924986928
320554717840063040733670566061193717144
162187130339015389922693701587077216947
226783635275081308153489527550895271645
59603101800547541945708114506883144748
237601994867405645846049994546016295038
316042704343433211035728795383843681743
206261585358734623616523299273683778838
320830960262192596387883107266130425611
266798463202809725615776086855998770447
301975342884862937952222376082426532790
104405249917821903198781550022775150311
265869563825727523526461859575036268928
223931160283828700669910410522825038890
261410631493547899253958366368403331396
224163030479576082977245377897767217693
301794208619516754388306254778866007427
129158664239733569885251297955923459930
166576099231054730207511400958227571029
199295019098095268180122023081295974107
131103613901169089388902680298060092460
153299956150083509726117387180114570921
69618849537667595622084740366319110079
257821105269593667070588441859888849478
114548166948006525759453797713269656899
260968494192250863361020527437165366146
155513017747721763635747974165004780333
222243679026057442669173624408428368741
55600017740157352765659687100043069296
177600773057054992614546501886846802084
337719880520985933810693736075338797458
46576443151650877254891564577936738748
127455693514298507738499649874563277211
213777988655200854011874620746879886625
49399321689144198302480297411067342722
332061666896637014777956124794908704083
287935094700033985993498662230168132378
262600239845659618573289740560239651597
89347235124775347819482071309944548055
122895072848012297356232741598745795265
97240178738219678979469891884304651655
213049308518771094564790148668179578480
309132258964984418413552340000025396488
42015373255842056278586807231404377277
197581236187716842522621224859813558340
216855395248226250767397123888827239664
171455277569201210291949058321202618535
243438069889551085505617071681002651222
267853908222742699123715311886222784965
77200605232201064965236839175865501908
169712762397656100747946830093070574215
260751998766896065819278984914076254290
24863265115370714969305681269466020536
161987842839985538344865623381143493248
248385960686744322208874380634659057874
42789590485562928942854122796935191016
205251020231169630933600214487726556221
207161337932789857770083216160840161968
169855194731355754179517735985968173840
312415077522616862790837824362059795197
84594961434916348680143251960153129581
280351456759037561245229189803587260306
323210395192954348680156031071799692091
134679661786319426827632591340189770967
70943595225754272607017776176017003654
55909409243598361458083885959720547183
134928100521493277697571646471347211644
209676667340105162474949386093281014429
56602481913279099497073019456099383496
72931506799348246346196360721921029578
157852205614491191516673794722910703076
147160400001121963510851104641367186830
94985001726047939516799525431742201902
237555419961275669954230996472551828960
273795451692185127942318574574298591130
7005652502135024289046900462379441233
242576979650368166785670737864763149312
320777996300721187350820050346796750227
237130954426606320653869414050328522076
31853725159757905239869347807783504549
126139531533653977292544661533452944343
89350567937481571216099122550588844510
336919024433224326701958962648865902854
203984285433245313628824555959247168173
193581027353890211633326766891973783264
320177800287360815219467266362459533645
31483561876482618353356558313369731217
255828926870054816635535232085368142566
337676759265480186107362504714171290119
141615454900091649991075033557234452324
207807362187259829222226911934968463775
279706601321749682376678671240046951859
79809013474549171565180017840412316254
191633718108274415631067671741620907302
163555996700924199868401949916832271839
67522703487481447167112938446626956546
155644020937195311449094819822009416227
164871766579663914633884852980445584650
187073854519381537135291277647993861352
249092487886772836147835857085929004122
139605916906740910706963199907529843795
203528448007533046321521107951840245655
274951707024185026634411637637664503511
315638647162258245964245339446446787282
328453940198481022777106070772640244931
240641588119226262231359925390260841534
151128062285451911462068450657863581944
111912611908004865888144039092682018496
236370817254852951589206327295177393056
280296878682405433663222493403668190657
171932288032568146335310238708407621158
195185478781764513894989741698201838152
168796666617005551984671090056475754152
179434901665674053889045920588923049055
333391966614967740602180498038437002305
192345432713522908429657051566980864691
321396555585841297532181713266092134431
94128087696171406072777559374454281969
283910793829273792891174901532841857373
97151466015220570943892735277795973426
151648807245868719520358733506632179
27758923046388579745342197484615344152
282701035910236083604465200141068143298
5366091717369639530328808787264425681
19933130464791773028459406047257753761
244627980041789384768408177003332775591
181674793194047821997760907581083696627
272576614240017343461068091495767452440
85923683514274083648935337033735765811
333924971305266570784077164858842608651
241950272122879129142374306259645100244
57368331016736712236127993939418971430
7888508120442572536985322246192707293
321408662189549238864581232211824583566
178229734852788120946093437023098847403
242576448150191342728404790980962857721
263302227046860785582874385552049629124
294948810276887419948274518965460144391
314483828482136414544855753011554941128
310886450093260775467354464756587471670
314278827225161288340430513046120480713
184147835467067561041384936935144239205
42273564287778250912407315207430585796
258060350994049386594920091792375435635
197213565717966731462468763321827537287
196972344957273046351932609540226855407
315429524104567830765884226735121063323
196728320589866665357392473193281684290
121309034690841331295951124796859951660
208795483592690906045124081184280552768
161907181850529703580081266896161705301
108757246594176949892480301780601067530
276036603595092666976893002599760428578
41965614781059927953101226398748309949
119058026468683701147103643460924087583
143758610658696374949372337514064206786
174546642690710254306697390047580327208
15050725388832613691214338900406634699
125618165782577767730035739436392325629
26785165300540432262653803910164267212
143623162924822343261368666782948473300
92426481292542747767519909218862194085
46452861066129402667080719210050264805
213157970656814885803659596444464304437
155161062810794707547847710858235463576
70185331201061430227746866118538604807
189442696359601458876390004298315728690
274585076351435911068217144506804125808
78737031586374734250222557887672959227
22816930355716921890521530604459134221
233470584626651389669716418979551604108
24694926331423041778604175465604227938
233123537176141075362669263118844727910
125195262223049381256368226670030219413
313728707496778916501328479787259258702
199660780233739501906806883169133961023
266027643568551887660197036472012808106
233633638607962380122736295286286670858
327511890654270933331212145386935695285
316603519484029186730213715733383836248
120487250732954933924830635898174147540
301870737875921946925399339286118594707
36305013963643830899805060237093454372
267446177883854976928316652525467232134
239260279060253145629418200404885585335
150585020639627317593969728649101615909
22094962978203410573363687416698744933
216328145038223749190095782987867481031
34880956112558540396297016147705391747
184308078474915248720729431515485128402
106388834035135774999204255136139067511
182209611719560607943328146054236423521
139691599638822250345839358008301223374
99084143568362181199865383269134123889
278897569826035337758617576148718915968
28467893590713661117068466918557240680
58813104182153061498658027085281989755
19025960811691459673130041263773806049
10297734976243516515290470928627228246
206519684676370533776393930576336294981
152745246599873224008286850627157003840
2421978655884291635927430818069846283
338029572711284621282735230546903019819
203537674176694756473115261662279234625
197341632097663344627823120582142798327
44979415490044795395761154351641550104
201384526248285088052059728298169257751
25805408390898675698796220199055412706
136194294013451524924689989765783252395
134968709399823848970136469166115989646
270387122523405717698471953631776240239
334531766362301709483779236592957854679
262350935910779698260006245849028045206
248088555045058776383249898963215603094
217291471508675296099244844150939187143
220134977729204612311425176707444264605
83108092807407102195815788697738659207
236626424605812361356393598169680705069
221525964992801774946019386270517676599
80794160277630395024164768858949301750
88499660492777998621988666011788891407
214134612927104042852511068714087756930
298437473552427595869152615716570582378
329007721948926431402319175620884781889
325327248687813125291586602627994960838
23259358303764861173227543258606356294
178791438529849872074881598299056847860
294694132615272912532719224890567658432
217103852535783213197530125027881210762
86353837681172172672722977887048553531
298781545780547080484178428402894387523
74633729021354874578793148024594298576
111877634000684261985090817653185676721
264535549284987725386706837779804592782
241393431415407261551465402366861847580
130626492801486257494445302005334624058
161750959936398071494059536107883207623
205698020420995674461696763291566739759
291529490500678949267061677930342704787
205608512822518155799292697325700648506
90679477010040630540400890190278495332
291333453173107277627112143620205703391
281501009282407622833185016466756031248
264211821150343901721347447258289728805
264741540675166586232071100895746592323
68702299329835253337478705899284163615
117542591391907733955600483599397394707
72316733918006117242473444139663015095
119170994032148782936244085612688692464
302600648617497713581782373165198241349
35600502159858639429821171930297677105
305353031890476332755014941782784535288
35505308470356052138967049891638584528
7085731616335880567201932686845411404
323290015494153168749492561115862573912
257923304530702861886999532313093561936
171526722619335553098379812806019571675
97118519635989923968046538608081114934
119730151270970294790180885429990944943
49247407676997510718456805586237744769
124218271064393269887278611673855872013
260495895606596082228145544287469146184
36731250125405109443781451996219693412
75778401452184742536146189706834948967
71365300468812190709272399753685651311
167949988310990309104399362772240807244
193866832186375748304287210783196724116
69584354543574183992855989198035104288
236831421560084120510487731187554177929
118944337285790947556508693871236709461
330147850937831938839233257417044870999
251957028908490740152864517615852359610
234891159271586368523175334936998191495
108690377815658064787102276186340329301
332656285548312809429957245758672727246
218213794748563744583851313451386271028
56979648704810134922965745203610035014
54224695051466339400599138795887621188
311681607083469977898590525374283457554
156625033498743072901283410805758947471
148131872114037659716145033057771012601
80811312347264222626414513663699279
234537306169476382982357132449736190562
123586706712228015132615921193012511742
180899142549541492779213813950270429989
85768851599373535602407772273894599263
256381992853360293007104744842106305294
279911616121197747793162527822429216920
142599050269635710609101159067931370632
232516278872439587626050025627035038003
23013647263762647740662249367828016925
16018293408766962876844114027887091116
316306312053400269338141502746827350695
270690571302104243338512947045505323611
59249877094180134892626726882733077415
99397083361077469275288782135283826602
257801210893305024385850383414705002144
267798817963026600982508963286491911637
28757711142797047096989661183297916080
316115323223630034673679549914755832330
281430847972769640806342768783428070059
1188085107826041576447589574535210499
300240103128291622416623486012118078671
266868977687799452212803397936101157475
152736693489300478830160311705275422739
337687643376421077579216632962513343431
218162406197649713392576663943032514176
76375374055059351281607440071556803750
63666209811062701672666417953844369507
191200175798802390455224874904478222071
221747870166229171205363570200164590607
152225633409600603694370505170201257011
65986624008262533359767706113866467625
95249727225597114371459491388406230657
322229393743780883312660580919452098638
186633033634007448219557171487184182639
5035275181634918988465412820529714075
57172579874698364634492102334838269913
226269431302801074592387434966903063319
173954958433632465729804367111394916402
72835133984127288307715908144557937451
62947072024503345524317891533664356702
223185289946899574080121876559336380470
113898529465447790633392954528689740152
10121173324828179742847706790698679293
70884959572842135579461412816725811733
182574801029351750062974859258272708034
200470802597734580457235943632409479296
166269642984886349699637540343481794380
191881929437049200292775965114875873863
183685204690785198815526069996464435367
229389070684083516117539939992735673694
306200101140710051860433108903339054724
108256834264161328591768630348693768136
241468617585732654184032561683585573591
193550350423689686315974963805221719404
203184972925535865398994652107552335197
56668393639467179830633249819891193904
273310464449811654958652475778248725634
164566303562259828147719757887481865063
177306451147429182536321881340943954200
166278380366673568125924220059816001652
303021942785080708437892253214037154114
25276726968501741092906142140307567466
64183864088854219626188590690054000613
90407353207198940768738881324471068766
24605899054232722590205185865613768224
276231420278570093778030141458469366824
184917766650533701190345321959572982860
167565366091048595370616242260845270328
239962440796759653731689127091595722734
204643461563610721548347933054905251273
15770081094133624793881467193921639397
59025878095314882289309370799073246986
189166020951192051481834181340008936701
311096803202201877327012010819244288586
121969577653665650974617877290708361649
247890850459857641474073621972481073965
52071644104450901009114685538060076245
269239493268985247596908846715935668582
278302714381523543587181455015365671125
13679048849849260426697996427894837501
7625844766561686006456070205961298131
241386810720781917167831286838165908502
91263275115600319415525445940462000218
243107970942692500918619895704567242688
262813333019015169584550258376249516240
303212571157253707444441619278336703011
261687317350953201945104987173489836818
46378212935610680323366260610217997799
291384809266749085253246115927115141216
283102212378794974294364336114046479270
27144877267282996241785590054516877772
226676768641943380474317605785782705057
48221027746357612657729071062052573452
114117865876395728179234630827875568458
317087660059498757574355163698514921562
21735212053461093113095361221930580684
168607942023933057143334458801723750486
295156311677627100000017406407196204354
273971659576620305334538637478213270296
61809085713861557136726942226298581192
56551752198302270780577304305149112583
320543300342405374946424383414367759505
121852988949942086005025487935753260343
4768236053680206698956796295247717065
332181620168630002950904336965469026536
37113399269361993676006791220420297752
14289775650010034274726892731491478570
222525645708817028221052767380577780589
70985201118294843103224642584711668299
154496137431051602280261752282962438193
130586671841368182601508857529440895682
308067438589816392824321550819914270965
34512067069070574109165460902558189670
53683014261508862020263681960099871580
325321079034694898449467473616113669683
222481625736427242919273094634866469999
275284552814177408698755565809482754520
127696538759745282710731319057548393063
244885298767256829366256209091406653096
253344335635297983484623430557794848652
107432585067048465331838443129593236701
39519529319800629495853671934418278038
150668478215514924637093513090814960733
107319505512090561297934199293481632151
247149028028275628997409915427730507660
42970194842730643705950557624406538112
123613877212028383896052249278115249882
310187950568218718185781846713458306902
3750813401958742546924167539509665926
197125599128813051173937682587201399800
4626200752093885901147673701802060696
188247072433963878428380821019593662175
175822457908298849962965576726454066120
331681985634287043849186698045923391951
302117543860800057755057406197030563477
282928592940834010778249404167894157267
44175037693585983050178903742218683647
318671326039856619043556695920659819391
200542681821891492018675467886209879725
202135658518071621406043764638865211773
202983076430905277228985875524648727513
71063178428244101879982224539785120273
97311236103546340330324312396845207488
208388171556197647793468682261361000734
61245909866093161161061952920279457219
88290195665520214016252211579476014642
251549819037664720364982042787747862498
265355022223723628345402267620295437952
210739411756957641019863645450831426331
45037234296817608214821786824657152479
308511293313719253368661604222055205384
230576769445281840850951533517723538871
300996909756224061138115185603106317749
4043372440324071254482704388060305867
321141453387069110705702201043385377496
12200018135402688105540761930013756931
318482896036607684235380348313024418822
92787465952034611937724713345475780408
69566269410503899761263726848753149700
281819748847897210626745814138311221276
87020200231242060469123682345060756103
177826328164498403617600615301205782958
56197632174219338114424355670517540452
305969568724958264934590681500514775767
300445192061312741753492280248859803599
338344618445541161081319569630981699848
123888766568309676304185719344664209352
303331599404295402321989066459247305366
145344775156967071392754785857241097074
205029107856453534524306469564325528742
280330546205061038515708519795940077550
132069543966908605603656297961348119777
76894296313435936130372328058797945703
329901514433596407157542123050936552256
156080929705271328136281861906228701039
3437975081294346725012843674483506049
282846590801613229697882649307304433174
51855268422077668519124123097463959515
174556728354072294075462050608958761593
80642311694754754004914027488322074458
40554537041615101460960681598645915922
322566781148553409204252114914740961966
250229747845568525374094627334934450850
281661639770863259434127976570985728402
15428951151510063047316302067973390226
154194954867707836661310581738398722173
10252344396987634463072717386403986462
213476820852074546849190209873290275896
212363282282550182849749366726129168203
99253764850138868571861623599848918044
140540130922258124993919750625500013423
339874594670695670881965225326815382704
308953734182004376740092388510137807374
89939848129210563077116810623663796002
174110100438106313490721800461726508010
325451192199119885422312473311116999864
103149006108584586520220530961851248129
22411775493569437896039801302603516050
286578951228763517644239548906985464426
316034364130401537469683823470481856642
313516016967743028520199068566652827061
108430538622506737001358649201459801525
141915621578750349835179732007328433832
223025510110076697121872285398668406171
181478334953347798993824558875079199909
65124677852868967297659364382854088073
19863524033615628699421050735951242718
50767625884425870338696509931441018063
270426933385791328563553294173498411346
296206099677158743813746074794158283877
22131640517574805627909536066535496426
33876347552700003719296730847219012546
157900294604644769148253365912422047539
336562670108488626105470496465236267426
293676060893515023815907630529747791263
49861881397984468147192847903470551825
69722169535711212711374809452987611986
117381297058034410662534499483714144454
287120135477166447868961405935267745208
10707109436105458220887177140651992549
139008836086557081023770868472924697795
169432813358004131768464139784652630285
96587844270162387430375222847968277586
223966469773280449061011346511115357448
206887449431547963433024122622909112402
276964630301638768732479431600023227188
16183265514597647437158750766474112860
200949816362869799420411192041734746807
116078470716464871862320942511361409846
48308212518639489973598093338051211845
25736644519792866032066214282021808020
250356641732634610381486251339169064744
259618395582810278029355529182707686618
79188456307081660135834180865301133712
99102225128123512185483259021477434183
148704896403550769373086594206315087270
335386951232970681336337654224030805551
293441727711277511733838421447267225560
3475205777400546108760372498099795213
296963200569465075946113739282045721149
128036379069014888991658336843388626303
5917886255216052347704444567815466953
244976196515776716077407263396211949431
234686093074642755344605058382396356994
289100495598985816421225488410301884246
276528092619557755828445027662553577115
314225903421463656984651263086348349855
136041439225417207875159139374186449709
233755325346263857713508996641645732698
266256780723783213694367360771718339102
256748248990634795004569375327749900421
7846135963712470597437572414517738516
136357525434617764456509746963187974170
224178234789116092991991324702777110624
189608348148952393405133966574305187139
175484973044235374262427393856483988751
332206280187510120903469386317807118817
300089215409936508066515952990590555626
35914757942682772765644223874658078145
21335277440387378666739010213275672551
149267415322932720042126881109410640437
39988275672263089780507628994374738426
263538700175887264763439674839973491392
217276235819612954936068136841887780612
123679341947798908428817558144309526147
290040020677922171754678446999725461354
198735973827203936317950177088987313584
261539952408404296096544903304518458384
74045865598652512524079032205750992147
233997978512439987548174063206494477076
77087536156713344515123960064390309391
144296906918235446301893010542748144048
298267574220656517287868910435920318249
314297808598271003064845458800597014172
33019854116531743436816706078842306402
311208251462042314521743197312789685367
82856104524148853442773751322143195906
135859062170744934584862536376494703831
143019287545810018965603445036076076040
146357231279487075520008208076913960007
216816601270595570610117821229647652047
318500387266905375248448273198298066898
273840829504711864473033147975315337227
69382250648308614836954622964112915521
157941374740928632045480525705022828305
209869230272869183073550225613406764765
156047693981488471024783252192843620977
265999212255612857185863939385511084310
325439830087242791721904651464601168684
240222266085636457801182648938793788197
95256116913977122692003209499258410577
211315567703207276749705255128755132863
6403620858704654494114909412284536256
318987355156727306725331313540592663208
168832008970034991466451587897475054902
152998599355567066495153264390979925104
54414597313025788040696584179114038562
128198393614565018216731558149707675871
133216523054592271229985896271176806611
145570033084267159585532613545717457749
220482000078444480815642725459501107765
21441177718740451392738898246859816333
178527218114701098987482550157123986502
331018326638713698417206832576395190948
3843948402329205658461842219656210382
28664088642846239455989251237343273533
191558910010352636752008595835393469225
216757730339042052458600584034833543364
140659147292414181429880022507197088753
115795013935322442128417617449498841241
324149172243793833610925828002988233118
35137374461927518018545389830650037849
316873824080678887777656965482078547789
43916211651563746257282548566558681956
124865815869805905090569771452897375608
94771589991028794267398238403642394534
55891481127979176375565285842321778699
173626693073284672310544947321049915442
284226728444257732517506758037491665771
26282517796756730891972399179129756799
183102449669536502478607105768940122327
276210751969846878848669080696856996714
262459071314429125106757905597248353461
3468954270116594511167253514705730892
278368840734040503557842746691524132553
119152238962710939950868445884001094540
246653778000728462313294974020771324335
324589266120666675593199156043017183553
216316102000015792510961505887797659452
37208775422073540324137379551319044433
259021195025421242521180796070365798450
90548403376123857070508583543453582285
229328746354850803982859726042396862498
330724171380097585770424437161527554289
82286300168440620495517609553105520471
146559301941172330066219985013019431062
103326725275487910027364088443720565957
312338065937158819153721596460954009352
226647364557661501674999263892266655985
282416510767567242211934692089437544140
126177071440950342071298499873164325964
84189735152670976345730934356534002432
191139025637029836724512151515112178206
153277702049761336389109513049017946416
208055067938830616397379421590834370734
104841725383558791822924878493591772417
240693349463457024704896573225895042998
337332202079746918512643452445181193897
70270026375709290151919858500432755203
325213683010145388620101513556903441227
80647698285041943022917609571084710617
68594966957165343882988121733885819559
263766980196418456740672346378987684499
165031134584323306471145842202287781003
40583662407553970326609600132578957488
269373079783341604814703830793072722055
186937344035829583392462310037240059111
22241484524202781277476651214666810792
235524109069117672932302434363742905022
162259915720355677385904125023637167431
288592570216289692382354257500881544020
258678095391325281465385523696524966319
74325940119440804757504097050741474885
95602700710267718955722225813714710847
274688706395975377128316347150846190230
46040895589298034982324897647784605716
105548158427408661700920142610859121239
98572743238837012117298376850439549959
297215255383574975685518620625865537603
63581412552045403132312356236320581294
4140714297073179766596477758496209441
254537690811346868925198252043449718553
80351039973546265877290417200575255562
339697983785784887724263550792218576160
128192768769757072393984893672449164619
203836939506452989628932335869776858724
48287847325770103061655151863110249266
2795177750222470076598863410140211577
50203825134846774060506654064804879654
32385741812130375579988219591089236452
78059292041577845007115867116287739761
301094268625823910747535881485567630220
331726742970767901845453830006070627089
152354977521338616780636394324771381575
45132513744798679403591282922588727168
214069220865851217596777899575152163488
319007949712244499167233794453995149044
162144030516492340295705277656246865784
3951997328962175543340316528828334722
74447325750307491015874312256451185047
31226747976656160749324177468112513542
257167933805094934856309906146387975480
173712618469005237575849137201022053758
51352979496926335684383241906525257768
184165392844761666890815530727223675127
182053415707534457432874755172180269419
90237049425513212053993964883602660176
288018086665678122031472206380442677781
272139496866129030091007934742206309044
115131401391470111531652722105357898960
159828166522876462610330828601221360168
44471922393759317256338694079332343879
196487573365796607485680835602828291994
28883635188187550848812413269410311337
16165607389160277455453807769141109976
65335619712660466856183755992926289520
241883008275744885978218183815893541372
310204149673645834459054352319381507459
315821349539840462079867911085311806553
42733919878878985371486654553375336574
55988560857262316026754308353376980887
144478418321808757104005308827295911867
9476905883495978089049407206191214241
301059614572932503296568959517627263994
322776697793855980141479880523950351063
4726324853928163230161900949306752586
5033164722760613835410465948747239191
80212777105332934975562480793671108859
98772605282423654399389467926218921004
71985531627291325697771145709291923932
214769306816269617551283366552596830706
185655167669977213301970451747454654695
283508646874886184080939662507924851378
31930870153725867205290189351729625123
199067289679623469810602849488386116829
157541222872585150764241455402999228664
150713123752969937330447631093617151769
227609264597801983962014616318924424124
181773485957627771466143113429141989491
67583958502789356047458578995331201317
188274208456961639948963948033426203981
138095697384642946197749395690815173799
13913154477479440269347691226905038580
222014147603649416004962645312623549304
287999351001977640659041733017611745430
11187821508440283881793921048987964317
66455776626936974580767773289133423490
170800276780209502147969225869478007459
199919009381476570069436695898189513919
221771802671757165790009351375968127331
57591661369534632714997066457683804236
150724964480946741699616455237721443120
120012348130750357012767395598116677881
197914166638537562773989812550772452280
156098986831954459166865511913205052081
109197391932785139519308924293338913353
67787028164965688031980804930559873765
66067425948217795444002478018760763128
18041621606948309795838684705560848439
135150571325611064070155358909132871216
288095345619000372150991876169244265189
340222369592618103689558117823543136336
256202707821457346242869229341304762615
290165465447073824401223200082466559687
224900668630300861709758514373069728927
196722319989798405657285865183594213452
65998615861704271263991292604735414618
221924523362132661001675832572022180323
96281691562629679021072363993095694160
119802623217746369479944234598699655842
173705759331078499860391888258687076894
166847397889297130479364190876210332146
224189520220480554449825400805203685077
175639097660287610062643919588431718802
333733153308397513131893479618369243860
123203197324603173933595392225335105853
85526113874222031411425126058983910628
92602009686864011663080397035408786765
257906471433965635213390740725374164695
153630562787780297102214829272183743661
226537762433251968862123337229564134117
103248863357164184108506962976357539880
112793022360233843684068223523644484452
155952180355881492736071536834724745868
305851378695989687452095002456986491650
87559002199487089304471649343158082943
286636528070042613708138414184765550682
44658794996984986163494401290894428648
266921706173701527832954252326003106275
209372298478143901680005290304667177898
237707465856749113922624714291905253567
144664700905333471734901362105566123336
80749136298134988268210092720098795082
86412787798570839187338409480356592218
296626872537189783153115425995879744196
60260565355555250812469558304402463687
100810365799625862185159491007073609771
309892433825264313981779670926658635418
82227901071410406018303224759192430193
299835703600114730101343405659509299060
240254043763865929752632512119085255706
3293874395742798620169553333116493663
118520306104323373043454994766484227392
84738419002873086497624704384732484171
206032873511363467597911163137538671446
190229077350169593901092885695329906337
36559422088738796426910564480071693778
113627949339540940868387271663959592353
237861997912447384493720348635444911795
198375884744236959358264018289214895659
194739597823423166016974590016463560730
137147441551431924245860461083228178695
238600165353854011103601252325059785452
206059608099318894272524469373283030974
35426388144835847435532504710445463031
157222679904548229350682470117529371938
34966182151550449598097297942221667640
101436843346512082872868078549850751705
20626515904774892601864501762679124264
299641031029073848164788772929793217786
248277778725959738515638969560171655063
323321775103968248156719660498253225810
6162345907850222670324179787084508666
195260502843769709003340085365771784094
208008162118826482927998213958953232533
174229663188030653696314017989309388095
62297125555257629712849708955847861863
247012505099582279540891713061394333349
118577841051853627698978714725848961930
193000584318788139810760700499553751046
29286515893284840330743044805836470564
294790449382285896365537576211690096387
49891297686294900961197506248470739880
72623044130075391772312728136058453749
237961534009264722005782053277275929263
38470115512755079583153857828468491716
207909321841203798962989956656081099818
135748587169694809915681600577068286682
186509962570007647826736092173949990106
335363852317804168490951220625317385178
71599437269645785799315092915211911945
312569142014409257111838551898762267271
42123240563143092452620296516333841761
19751229509397512405653311533070200754
25474368890538148830180256827850194904
86244031758540730572597776077018556388
314379260179915323948546340489070252342
88099425936537096956714277302388668197
109324659421489516401779092680980129910
239804775269455450088561315858472593205
28945128685326967720523476725761967094
104168335116387405075653136555789901647
22193853256853907785187773467768957944
74664716339319515040182343084496106323
305180906502888062508306387925433221030
81655422553777899971817380756185268304
269241679547110503504800940914131288773
269667012566889778432239586279834225296
187503140687344529904296344771136002975
193187465563286421017030072296333710845
107974793697913782778217534834971716279
134992870629979340532765649461710620311
334762053860432102628483367487207199946
55438438567963403831918191021862275028
226712822078928604655655983094191348318
237047105185826578331794074611468370041
263668802038435435070650737332577735547
207875670857612095080392550147071874298
174973474067792552477435117765543125575
18266817843440151811534574294167229477
163184134643638754165764817050096043987
325291174012509856890498025738705570633
275830098472904240196427960839220908185
92994859329053146920930638343034351884
186828153250348631123889698003457707835
296153120169465370076285594621667532513
190625700641980118233964088731462813723
220267882456449813644845557518557501709
230360582808512086937526897218700648865
94618577744837328958637452092366112757
75088356094406866233033612623316488721
305702544617018051166334109189713479766
175694047220484695592145818647837570172
139944021155744085976786763510070587197
198905767381260792058337843760520185332
234876214887909712643735024471618277344
128287668682395426181001826261700043000
254932171855049375543821301549819506388
233782984136012152070492096245363925356
53487780766913989218939775901964408609
309513495522146719255675970790544998438
260131264697766919873577417810106941690
92042674626774188631172828303315049616
198296937127971615239983184049371882956
20158497863137144597006287724652659321
243475703890563329434070389234470967646
312593327547026448139641933248589366542
50797952998779566001856268634752825323
229081486509698502971525342474549560017
158230010291380392953153046730034567493
236617931883707777840979438197770228487
4623423307745449088762598335023590797
153751191955049824843723530011754652069
255037948460299719038602494903727014020
129145623784719015022276737075661211112
331100152333530677461352896792916228031
281161179674948303572643618187327615399
332076646982801655662211723019339133141
204689818045138911160165143184040313975
126905032525182182510620738455975203859
129092890025523542047212058218079421333
207200437280345749538710131844031014539
191911369397465503804887630870187549699
322720453765825665644749311419052920494
135110752922278886733408623395422682900
334742146399426962603763355944913700259
23592074160504162069890938762978575800
292326354380965098205963211970880984387
81006655135591225506466539526945552663
189016451021818397809994159201404467743
266987104941908867164085435452934231290
310830031990871812942854588497238174890
76936785800317335570404789130857586150
162802774036909712579641209998063552658
160466943721600226385748180011199771015
20377720776620268960538078874211871737
19810951986740655509154456046571773413
90100757994771468782079299135580541896
254152931030137725770778123818428289468
49216447599803995766456884899961041368
102942725664511444050319993857706861712
300098996468602754737828516268365572119
51199710974171593107440419450453826162
218892697785257855891258086096303415095
22354483037432622253602855371545842221
297832699174801121693370347991284411357
244203620729218512538597451044829239871
56917019639439402177333116521725532254
174535221669770120725288755321050984145
333474835356014460225592588702882968538
329706622917641754033186336487553133044
213770286764709215972837075664785169752
202546168087272334360643471169439770685
212961845084616682577825246778447934686
271432525998344822483244397472547986636
232433256546299060300497386381330037209
24879053859264913638761386524042036781
64118295512125875820705148343406437013
142715614134052445577812136184681047720
89296951048631064604490060088460825878
86242437988929380073364172399385304729
303158928388474856959172351060755140187
230370052044591206969891962206929668545
154135143665878818543717277444580459397
78893421602127275067220755408498041
202547167797535022856686943697026811616
129874192854780971635845830814436688735
295978247624109956528290449462859769209
9122667734562108579455625772482306499
327243469492452888226861120344496520540
151481258883777316479509121010563519848
176683569363491859776233578072922748474
336739097981825214294185882457055386337
117107663131240118207833628183443226743
286980057462897432353659184262908615319
2624115035111496107488708438330277050
327437412463198614947856124553464503272
330016530772994984606562647284115459623
194077831005374017501420294228042468319
129577864770773712359496024097773751763
228322071553580755482487890267795012118
49676047477331009361522284625503779717
206183750292063917429127652938932163463
200493190200226558377951063719466997057
171155524006997095213859172284830344198
309323410587525323093930175338325134356
279617377094213488991734624596566295698
65026675162731527639542808062583639688
302307325461943453287957890035531442210
85621638075719839401932975115790289185
219270667421380751843057870446581972096
163328824997632678632818114403972101898
328863245084270262174638748187966349402
336466627970998326943468306719813532060
167703580483204810666861988477108892439
11058830016371549857026606934697197876
54513757996145359948639742994001708940
307053469722767822967979782292426009242
234232767725847460727235658617903164596
12934505583725999608992216978153121726
256842037714024822761357890655509798640
223422886734973977946650654038441426107
326484758138685969040742706253443600647
241000523774167056428650490512180643440
239603838920915213189197745677939019470
179782371985328640246095127139625293758
282152111910416903913785543826102932823
32784987400360502842263855559762274474
198547312006700788726320685083109678929
93416823924865421238267350067589087246
306399941413245348488800058226325441252
45591473526642042520956656135321923035
48709174487798443785143257124253277592
263688268922962565752512325166307828485
154627996997216037034803048096252853432
162851414311514727448497259787989499649
195147020184220124354957248884708036250
270625428337058890647458009292008272715
127068405303180156708738390274548667573
97698102752348780735114162128063737288
316408503093652283402440350375553356375
26609908501410261505759570042027284326
247881457751132674243458247629869976428
186295681457496863403102134219556016239
277233539625150830477290453033339834788
18923993325088940005628795906995385520
176800497064628427806631818416996512898
84573079936923537752889346962928314890
124363289861095494318720008778064238154
252427579603890335773349642488562668053
223809970979983056218961132589903486492
285812121896732311991750479807556493112
211398264999641623322020470010366357442
302361254652726389552000971156872356002
229124993067253131074962273994774964710
212062905154598392214948653642118898879
122204794112393427050094292884149372963
338323536897508264068236865027875341898
114686608697836077963334721524093677207
29027093456993592100892743586014188212
99652924589384813955335980705133301062
72164561420239439465932692273768499221
62492999653643031649799313058701306990
76534931972704123767370177284638686577
116029485609846584116480656684254129781
241447397791913251752893855889051741309
