162110206987198012307489612607625909361
46538562933231140538037431161268155493
259208957472981812346452239443971635916
97420314426600350072796175477468851811
271525894011379242177871845145383412336
6765035159411564037454887265040068696
131639690178836820318024160227855617911
314087225307619973423140307903044369569
13658124603375378587650360124174109709
281692883998850735622914844854859223011
18646343835483612940655394212257951237
34017961724188079724673178871911449087
246498407374442872106283527727637648441
192441724503909336149623148242641794344
156008667618297951601576810444836507632
298099934288613863374080893388815203388
249462907406621572267336816707593514312
32022382412418786855835108326504310668
130318511644768137933703840202177415589
294240787320116418531453211000697911107
18000696571794260968010730468942798133
207150629690346710307679868700078893760
14850250927252914450888913485257799602
179724553904010560318438220565035079749
167806847925619913984002500578040049780
144207451577549276826799167155106853165
210458957551634969932727055332042019358
23744078969111032470521559196033454114
11598448123757367339744037660335288784
282227964274730316958355709000549472508
248009243448761732890226756775725275513
129875018560631397969706432196225767057
152056457726904210382380239857713718653
30699036195648104157417677017089474732
169325179706517420365546171883997568714
128028048812068712707543572760518374303
113030364935768974586806265242060985214
256702310149035276637414281937647532312
238380259362412233121384578179871564906
120550253041996565932739928745670023373
258532737503765638423310625178153156963
88469604258808741165431483605062952397
192698226207751632355070074796601231361
333499454157261125896041879631563441086
181137410948622426601298474818343575601
203563506904975417458074203431281937626
59820846042359598080511150036927819508
4881305165503430742796404670172179619
23917250834813402409014668180286454850
290943523806158939404658561091357899609
13457853274998110547278079255878910963
258786188745003806557177925444975182085
110833575380117616752457817332506046629
299647021950130655062487529795546279987
285850717427458856854070715068620350416
335754132049373608688526468236965548822
22760781370892669160392623996473616822
110310161761191837847814270948233095528
78570349360156389326549514233857278457
53119890373549256081920218330221764933
293092045219654701343029860323806460842
210391250193932886083257181082484464435
36413031421289698896867251069586412241
251228910948130368269391671083435653997
201440974547420357455633171343689308774
209684959980526142369489801543735415469
182917995751826194207877672838397561335
200720245825133070027779009665406451664
193683088923464610565390726697458682657
73734565124695714872145455334167688871
188631477156655541411077158432384459313
118277110751608259125173624298882220312
158185771153487808662416988519011900999
313896382402687431318192197475317842047
202955249540990324437800798070942977519
176435740850622122858536345889686617949
106957605136706536398110862828667006918
223521539888982682085623192281799040307
40516769819616067012483778767776587237
220278612364463568283984029762221199366
157950530347097345012466661882045993843
213537185713613558396557256260813395420
143060182814287578949430520796284406514
175082445838764108900076186148136740988
39897421880476364775646647432809554273
196702184301312739051982917345721507567
50292095805898477580066181002866859325
267789249301674014780449531955446271028
114526647593481211640512953716928332690
228124577854128008169353753643255032737
288232759325681030067226480502755650945
144867580557055539106870610956101049312
322870422335106702598063230364971346436
184772543867122047345334923015386908901
82395525228464032402937344830532197690
165452596374098438224869744007642892455
183958150576798444383044762190353727662
324899723146178805790322341519712738440
307461888651083079691798770150003636083
1000632876630289393077698209342680477
59949823854986593881103582797135907414
85021531964098952185288485717785027167
215279967036698629459977525210852737448
177274213628489170766662546659324816282
165492475433057000254475895585138646503
88247882845085614485751312886510401429
80808085645654860921589420328305953416
190570891365760646510009836684771855464
231059910697140151330819432960331184393
434723141801515216119062471844072867
142185269092013504196740196271748767737
51385878505479243051647760286874460486
16785919092539619689760040529446800328
272354257541297824168142133677741176871
109236568824998473258770882631650030090
101050110283327881365098542672311779965
84151180898999959543648558531816975872
19847970643452978778197474397607821438
283072462881386527400011501050859830911
120417325058084690916158796838336867891
194334077055332291892252679743663870277
8548995622348082456208583032850896286
80175410255648380090670050390311141012
56886440520456692413116907487769056383
52690998699755045018467983730872765165
181329496348931582248531524266933616825
155289752467639434599824814518294502518
178648457415161253962404333096647422644
1757954810915305531661090157435759986
164285535733065813240437655707685136
53950995470432380219428417107703346987
267672209504070815551528189256216925225
276468147551396127067949187482002837612
114778540065775935694214005986260630443
147468383386705855403480916594322572393
202137527698261650271115665268769556307
227314634120935521499608604540489593653
94853899730329010296119577023807783872
104918018501257641689304801009176610540
28538258592193983565821193758182057186
7687344217162278992357763371720403764
63028654218645329920162918019361392819
37973442938957557814322630285532006315
154543124527472199367410677603117472763
324319259186660427369902292786264730920
288341619063794676138835779439354309237
32047979486989350745950468514465639025
129841883528007201759066140070332853703
230529526723348420636605670124423606132
297187018865159883158921448342707638695
197256249548504756331578429537373090945
107867795403309086562822250372605962505
326162505653891732908996449276419998544
101147350113393491850895493445541185311
110311928102271752073363767161355300393
231395812896173016929076309659987959321
315483701292501352880417343041477706406
198591896529818399018483425136819135416
225874369994415757792194528096048065675
277362305968186738645749841500237461276
44447564072594034913471502667829339679
234599819499030964393259967456729646355
100011270282322284222112074891533114670
7511635541251462824216468160507353351
318536163587656931713566159297730655316
177779899516702787685224639092937366314
142864602673166720091609252712563374957
278091776079775285548271900796242658429
226750661149811141417915608682149405768
186520992609627080672952080686891315889
191657389079355112709812543100063841925
119573541838040958331539066601019438779
334261413591239289691367676234096756788
192731868469890445631892094800568317504
298770189264443550857694430701065420537
316863914696298711511866585042601400207
102194763876588392342133648152076575708
275864410659940652532958125612191213046
250520393532574718774505518865309603304
17602689387969519829492191571710716259
141546541039515526917516864636985163917
48651044290277089178720632594858320958
275865496292523061142851567940292612219
137429389150784567593689024854062364385
124252729219120554240522652058364577235
302820207989276730937835869070536513848
154218598267364365433280368380571608307
192959579868847883511997217123016254482
183522334499028762890461196854555412118
186365764839832765324934957239906910800
142809469819197258023860830101697686334
100401962491196354528247540305908502880
180070249693935683529503080912534087235
3703866562177216193102108423065725619
226401220473811257078368763787513861993
220533296990573442935490381869017991457
258353795494793402850187008229256150071
230206893830435587410856048978364640972
41658691390212950945189970475748673904
138500385445944367683175981052720718454
171042186320889787919840719417275281409
276673457922603628851830019861024973598
326902244578219191951231767935750942293
242837432007073749128793691432686595892
240088417324377103855170961599764380886
100637489622127865768564058024605861622
55704761883549788165407374996576562935
224615374923994223151924441382836895454
173331952888243528129950168850543115938
233588374980424524580809608168182357299
278045638275297503144707978529171178158
79500807909034656985786359548930020056
119428852130654160665301445882826532608
217364857423332237855876392304782867044
129772562160226125049529928337030064213
146936729165470870398764363781787606427
133878595596695163743954812183932566776
246506607382640692177852709258884089149
234194557870538154926746737889149639054
318871300718598385660995181908500291338
236053168022674328411159424158426595185
12652327858475038567263400814369622891
331420859286320455503891174131461900920
97651158655839481833429458527048399693
235488122769527635498897471019694144512
137445332356105760953518017866557581346
5047744670667230594823143054237784479
155565803209422765335283251239871216055
165657660716916671049752650875538788879
201778280965110785938910009815611940590
333411832222056286444425166398000535155
151325555665832852045853269423231076113
103572035822163610635329051465035206668
261643264658783666098000950808247373
285251964492089587320023245308361007374
173431856504646779016577586273639064481
212474306922038834197120770113891795292
81654715711995989854881692771945942552
183680397460072711435730108437113102466
338206703286790810498046470982864755194
317608893797181549098081804608533827682
37979283968428319279002766468200958194
125956359390837080084861167103969986384
284780015015482901420951940322852743020
241899285167804398390451429168044416228
260995544635663535614719043237374796091
44571194042017557718211308984685998666
144446686196309833669751847033504730063
331636678563308537269424781231763841773
111044122595433193481775108510556509287
226910314104834796120045761886744003567
328195037192669722278664599430323471323
260555109120517314998866819501428813402
121283952117153667002164010845044930979
208221377424023376332100927069338215695
8523860355359333113537933442583286518
179098458952356982837924996592588124045
248236373044630085286802284784885286990
45612929730761658460183353447296062950
306432376132262149035922302679574676643
170512546211771243972975617526271825872
45186020601066493550727642060049822745
270435072465218918207823726272341961877
222954982048915921566894962388009713985
222063888120079919117002594084208726321
45033198670911933388982970821542997189
322441371194230584537805846853750355887
332822691543623746826395586399251676923
218447221533335916442444354958142485110
2271412863800698818557115546992683335
1932216059630512810689375737267933628
239597529592359079027071486666142585041
121998498337718576961394749496710944078
276853811632144601289221101468402493300
261577642987917824524469078131299765128
128264176828854927475027758353870215765
171015832173361067018850553735402578997
194864013429186240916464395138463567491
249119937545209994566190840613806082189
161048655601800632042779207948355359055
161351147299430449648623069092533775784
302800672851381246050052149175818558329
86478478755665881334291092340628661219
297744327624362443149338578438521366519
133816364998679237306879400092243849930
247309958400726938623864125140441161153
332775696070361455074134071730119313463
237529325710145466037003808313025340574
13324506988372580694899389980864321176
180894258146211637698772856562889375946
171161738621825162207963144852434681937
6466509554634146810503787263096727658
334468002227032901120564467697028971630
333951541211890371705305061104282858953
256786832508100155696033951310033545450
7981744330067467971594284674949385120
83381733449040490237005128500478493041
3410280629144822587540006466184514055
261678581037053802188176094268547142485
116024798020799208547739856364933493622
93845460952635936775349904918456451045
325198950365492532983065980045595469623
240174998681142754681385316338059162201
209724862588360215994245274190467353854
334854056263308348606288346093810994264
66112178966186276250237684820460354961
101148726623131525696411232931451985259
131649577658535689391764150281046556626
153864849630723965906380865919133943576
7302315677354103581017361151500847639
271173773827731566780911870264089406532
204369208115845649482251057199037096779
327497082947100637839911590668763617484
190152679953708717791411037923191577326
279962220403424928397286059169785595563
44517472069865271925015306629289169367
164499052854996741702638312523281620082
304879810180649975138600085709128420487
328182913290127279309743345973019983597
287817650618589213645692737076390401014
91757426839014516550390622189484699664
57445911679693365835263649434493152362
13759632085171922340629879780053746586
32830078346356762631624443862852823142
98183770720406970235442860767585523006
149990671310468759119994896932468346093
172828317161606779678329916578031342892
174664105281786019991749173236955222089
259416394154477693439787154890704914927
46520448356846774917932472541792063835
215210252789995250885217834662033523356
233630131272899847210958529630537165590
16216245805785626605442275949474995441
122392957098772838609017625212568004764
301330502851234843802777352441154046211
161823713345173157576915083976844528645
120407564600640470756375879214673500510
47325029398569420674680016344593710638
277370625656119441242556999902938468432
17147014811082454771885156202225171384
176013061966843075216772149614588684981
212500643383588246043557783484913457544
316364518606500572492746554536607355452
84020849452208041392434281985783464665
36117543877627939172062321080974848005
36685458827290695897910733800518631779
295445652054154143478910676264746674416
132770572673936399691158576894218220278
264941879263701381936850227465742098547
31635642453414454177664905540153331488
337853971039189987237228554429915324035
150804583780005380159110641564735475545
67428794314873137002224337014072434655
75321559507447564306879638834292976733
6999049009633208714892517864177164652
222119527107763367278412618903341542436
20645140705077685009949120281807583744
250421516171107832269194539240842402328
195449750073371191740765559197430157650
96646787261289341461225159987693039822
188082502299535424843298682845784886073
52040032712364835619408341670017400397
247630639134183737712239218765370677604
132498507275877686933033431419557087012
176549247835455270816545081233243262457
278970390244725191272817975629550122579
171755770890553810939450449038652872569
157578470734302035152626840798118121726
273878541355305559244638310571292019455
151916158884905132724872539887975981089
66902009957025223810962848236839445143
18201275775959456738272142494973813566
166024832184795634716766939730172935653
141025317808938934375558034032337335842
63623864520566887887988672758254749543
132133574966101877661302742103815204816
129518389918587796390188357203589954572
297450339195158341192522253995324306485
335726961349817800469582482331460625514
115868086850147315939757311575854319362
4062998008582425784038529185912315254
48329840959455393595668418051274962766
196552103526206917902601471753327311807
253634829004210815882478083701699812440
204836001508321946630655042054215101407
124348669626269232184152454109772612611
81014437407450205135520951945241778421
180115069910986910118170149417869330345
310686651056540910217691758397778322078
40226410645771487137432009221935541600
336117022807180134758919408827210609348
243654584515789398844054429541486981430
197574303838631236463746216107301794964
137361002606921984370910923715794392717
324147968824791431720377817767466897021
192075736641071863619374960032677641364
336797100117673462586318239554158869899
101836308159248322508820116082555919262
129804187413279850503870394348684492499
312844383506782599584897291994814054420
33732251959871260725397809805748833939
16650092513039604161696541074353889361
277477920522604701752372945562049202941
119190393868448951115690213998067238241
323760253727091079520253152794617519256
28217602457734658425609918976079228145
159475804917494234037791662968674093676
310966185739693550068506707670430382739
253971757085897516736278345027888043513
50238491776786157155444260417574364984
323807784830436905057105409637815785935
251092303473619253841435975217508649903
215898360063051827018914233264135048059
206364610493637297399400377733847157775
76056311192797055684226687589151191385
265884809995986475004395305874464800602
72662134513016352977179002293578404894
36299756363033294394603520497061306456
65431808169760024942071344204641978376
53602725314609758116260889224534220941
333594256055995927099769310305848844648
334246824042573710251834361760389251177
63232131734484228109213635560107432437
114435630281788277253280319244057925599
163019013871555119513135407645239930044
48599424961763025323526705457636682726
67077541196600471067540876856303079062
43581727730928755994614726225093126618
31462437856662948543732027530451471305
23622147637197364008078341466716834760
290352929249903603273212677723085915234
312010221395013503605656620166651220205
252538919635079363742183515108548146502
328558891228095778359619067251651351421
135133018960282838692181494383700013473
38057704855359778462241976271898653828
109471631937665020956804770049073649930
200220487353204810236390845483662402107
104151739187555117827066090531737209280
38086013379739568520587547451260526541
97220326828412734762413249002642380932
199550856095139700801530920042758613334
238327636261584112515261679868880098594
203550576119652381728369090174177645102
305744702287122026905661509122199819789
52593206540836479907402538798565772536
241178073069821533505084481589832071347
129218778142177948033887593452577991111
274786491120195841783999422539629215998
53456322138753010758541063415343402042
8382138357913894947898910118149762265
81186480620571406261998042385934973397
84476029321472937769647964287082347440
204658653211074134494735146734829632165
305814622259480284700890359101492883482
73289184467050825368813849339849287330
337761826449008100505465074891820198783
328380564167432693316836676518975759654
41687365582481444745411356866230066502
107766965777838709806288067130790998473
168369753454932657561439449383443985485
88283087514039229045561402983565513363
317750689016758585465691786149995580150
85648813414791001446517521488324706772
200262041372580904811303731846038484040
214433683050250064090053473236758669061
17268320125794981697009648008199927776
101934100110199930031669260608199391762
126216955426802188804684747911644561638
98377543424634365161779876113936577460
48395239523781304871427531221373285371
325451462287315888948779402054346677467
177419482592860441176614722589520440749
214855568776360440677505411026776964843
62609726365528083608176701331947712285
38222215762099049751961435278529284175
248050904290156094512029978064558916754
242702490737788866745278934515625050556
315770624162176574616828594215088586857
164600623955872953887501579144341570165
161175184582326290364541660079280487869
293307256150521340419965302109524677713
157318555087943872926369438929850239482
265392352245206242821627429712403621182
90683333208970576280334493077080070706
27569505546462038401339457423809422252
102051537349034777772410501249730541196
61487117433863710170201784739053233676
189428813256854757242144737091482592910
116916360412023221446063654727463155851
187794734536070205106274150041700346533
183804461153609825780053756852166059347
163591669769678405981037650102964117527
327666374266123502283070923407030093242
139161214047353422511582449078201141549
177839682170851831812257151740312878713
133704408351783397039839908244801663692
46196997630489329075777277848354870385
226618920625856703950493822775365785176
288319661049719756971189650284237962796
273525018922215634644922900547139861350
179188838999856283218706770455339175884
249841625713600986354836426960780323669
249492052994007204374235525282926576653
272563724032637546738692435061051731499
288759336555546678605825367385858760232
139091200588960540996695995858737710367
306077395421985127971205568142162166678
183426964651935945218763398812499357797
204805886673223562939044877966317881286
95818054420252476806909393086129977290
266975294478398417608782319469849777963
277156001451961792723299605806213115761
319853532586227944470885845523379558806
260004694375616440785669233326297284403
66082105955068899982991279269277375759
41872115198270144810596434447785599724
321683782036678294607897101522611226147
24205516358286036404390228817972362816
146308323232553860140559983187896638093
230643739633778023167533114830528598917
20285475321396624508271509842281975186
245735171995246379702637237377097292819
203361106964064406668530704908984101105
171520317981850545762981812049611451018
41571315440748084401906711552622375253
230495151137892400076981150753510533261
186822737751617561819801016545896363725
108697570571733538795296129911545730678
70404357080855383862032902510656274502
204118735610409170178980412071334315975
176997897923388472045706204537695584757
303078732864599311020985119018409503861
118137856591300364563314963424707415917
124807735895514080177356031936829992980
86713820755862786749624898537163100120
75722834923656175063641476735256928705
51440060805769747541079086975522128093
94559161776164203178692333274100443945
266444753891641918650844199833107167024
307181987418272553123088110515375422349
99957076802574069982620818743950723007
147485811150542571049400757133088964185
68408010136256219141327793993873978396
116404630275821061043854262011272331865
86045198344131860045756205345845841509
271603418146895790854232458708789424044
241267914334670762163638758072361449545
144615118976596262473217153273634607012
145664980086449840162124693018805281453
284358308018149157039485404852782976475
302397535786444252408865187320053543133
87928911880492175555241798874432508010
157310490478883702243091503943723419953
193099486343578276914915200902575321142
250540029636508459812922206401695713895
62640138134491906327995158550893388605
219651401286287773288700178294878535627
151834383611981056255807993633884097017
118626800347100897681426887974794581375
26403563641035006232269580981294052097
158874021779384244074809793155073871952
132682597800799883910601777137978219911
335780641496217175542147579159526544724
66967249550015250266440811464967644264
121553307898271448568388928740166960540
249278171965230792286577391995423520144
14929791482377671771828594303561214931
211080984840296814489435951077063665753
237715739030582110966657012035242400752
111219923407435889184367930599711672905
307254018993020880844384422949494579040
158776354281644645480087484712666341615
123699976632788921563874689091170552123
270314234984219570831505405345795230994
258979730167628561129209841374909337946
114851706613322673392070451408191592004
304726289908776599438521389317764527282
145426784738491523616534695497708531203
2197718838254622070937227573159854741
43196068845739978892879861047123781962
5699004385975221870132501184509428618
246844621132638345886227684877092855973
225727988469285076606257292479027279440
194138220003800998518556306881849525604
135719856727879703041095433676755836957
281552025211683831713830559137763036600
14889119084528022743314835766476987866
131288203143657071850217656920105518388
25529771280163040828424050186111384870
6941803524248244727610584425369575300
218370838001703893799050128906943824148
260276629478577469067355357365683496588
42637682275936231348135142675684847411
292944179752787141709055363215515042647
78238186191910232242894455180818953427
95312493251300969097949560559854638253
153202724614389374721602833010944275427
101564892080790038341462694031091534005
3756866482014047593798576337439025000
183959004580684500513636520552257278305
69590600653395537399224099995973937670
167511284329627989155212803128176540589
100120786720860982797417561453459988219
159658572595158405427203857264793771517
226269934694775112628542851607974007861
227892442568887489428711681174805091414
105609603847820029379837310988915257147
107311561240295151921661249258546444833
120542632226720685621886201930704848583
120351981216539992784148597556352210669
281736232484280935039066585638100482226
141956230205259790360179833770474886304
299140434491856400548959653290279224085
76352520886751834393638708275320824116
282385347365844164877574951120467213407
91070417881392496548197073407251754954
100599841109321320625267483951353360551
14644439794916040232487438684117665395
263740204471749750181253819053084967628
335805411862559882425347600708706774615
89672919663803058023984632920047618784
105322965375683735547987456241163884861
316300728508332688884621382760367817526
320895411537266594695394340500918811300
119356118608562034849839839223286456698
274710724546166635620286001568503557032
126461648885699898422508446687389362780
238565703500715778118205948544215381254
215999987029978064215508793339125229133
197575805491287124195062867102278577935
318377715199101568944040127805984645555
92242256286467153986913002762120414159
205678778523202915968184242565910438733
280583156257438519498391227142747697911
240753134709105259838242612185124612580
289262729866030077914097049147842405013
124304860749509164367723560350335217578
3069632514072134461181638241428511413
85832423727951263591197091681945483476
324594397933165156843094714331026301722
154063000783360748534008889689476213997
297908120697440773334191297474269999072
304155593133265751971076698472949936136
126618230147974647257103101726178981140
295608817343845935150759339554919028879
231522674275641588859274376574619646479
243247744374545991074465532983332629440
231279047226690865680275311220986122537
171158341551078151111111546060038161784
122481664182778115125894420888980731581
265518877200954943103202505246750442060
269432560226420427561750283856089699621
1018335596494578610111984082028768547
222181735398809680931369740715648498131
277742304493094628585381006059950526806
111807882353833966152293190699470052881
195524136011232449225709010827881629422
134119103607404644831553246310399398589
330478119428092734372510825753491196266
307376026083369030318345286656043916868
9236181457613248250063863793657729637
29276507489685225429771616414802542084
331239620706250037884548021112820627057
103947530333875586047317495133825128684
71836403460122318027997683772077610495
275974034764909601229554615238614329233
76306054078484053358371401018883966043
292055923676836590925726039601746679048
13463612928831285206244444070741100920
332810164466039050765903390127900165735
168631544190378009558842737740882677242
226209169232249516547625551634547859446
116741889806245428065779685537917279691
116929319915323854098280194413413541771
32616412188701922391465542011757608874
175893082763056330858306011962393243852
3241904434205414815719458263927414322
333459884504725549734151113381743828162
44637390711304392001597125554612658892
203519293091789366884664331910913109037
71130803025035664296674951615259057254
97240505127584027601323908870057022953
161082856583822152220321874564355273735
225254281912809282168650351486960017238
240772146127580758789965942598751005854
271305173291276656634630786436977515158
115289563827372443879440827276417865198
206453096797913510131956763772568632468
166393242754625460637703922156320208372
189815724866003597521117767978762816383
192423355233085496498681809688971756424
64389927460725493535422705489081914005
309818854743955092262072394648636454710
121516435442003666039938760948286636536
85261965035470588326519957324896952849
101120279402077328726673216181827451109
328840823710212908372276491144653301286
11871455563821823940966420280980996064
203177450646960782320572710766637150120
85919762385022280208717874376575314324
240938070102902012161417141184504453912
117807286483776689364806315044519516878
55345272428632897363918031890045863169
108535221201586217175987421705870676552
121613587175601190504605927944674701995
312765254584844541500421523184640485988
247432000006408109336720630189589965413
29100251296153846497346730485847791376
25999392923270091952844428784877018305
79381143908656044933514103511517799830
51452954780178252221757268971951265699
298717997285559674107213225107523780392
274486761075348173933518399949396726046
307953814967127914880040319143647827666
321163577838205850134831576248260226565
201866615253147601400428535896072902638
204013584274850355101968677728933775599
92616227803066672277463029504232588226
329280407809839881201056610656588805866
234447648802904614201947887294483194970
173334271156359389590323463560768268605
72047291241849054837413078542001518023
263623374840031037381295325785892737614
240001571662106339499193543902335104174
290473235482231043516944605622550513209
275682059125161904242440299337694672559
84514425724640967695254760039371611932
124222082676143184326276974975853485823
256849086164956206699640532793748260149
13409742989372862603031072392665870063
51726446031140081466091980748711194937
127383703449496684818233698740469489157
195411090846445640542418439737408531162
83931899484619308105475707792280086627
208836823197170779468789646309339095189
303408462576002440307712569567037897811
166793332838817859087245355519205131831
100655841677971675476004876587183518211
261708624937865499497607235917515428875
126882154355915023808458579600747008700
269545571995951567780189301723239670436
271050612356797033374266351800954570671
331714748088177345614598964658259932761
315136846469446869061082359053986241490
186514338379015849922319820176810714171
225408273200076175146426111637894028698
305865478904585178694243461193342561246
88570421306199236249514913742179955784
2007755164612713094947885437980393598
26120942411631997359502155628184183088
212454605891436451600804605881120124188
159312277344928740683768623514877151578
317685006366558470768962754687145175991
40352618464486981669808527053115517874
334431790083924737793369937362644273544
230042130406464555723867582700145287225
135090161332023361519889295648183684577
14730076253781235850194734217077463300
40284204097620778164250694833296129094
120432978729206302138254073211546613424
331817543855489535259773118800750256881
254846210701653676963596144604954696045
331523097123716007787229944911982107276
109054042168480286682207995779663053177
279567221067728036512040341989185302248
195406855521914223491594352056108206946
191129489640133473716728050681869063597
298297658155989047527174623035651328698
162525758778260202499213405276681812357
299613666766664256365373824514294229057
235186256071428312690626869480064082437
41262511672392692127511353524182711072
245628783981192110987455985014350185063
160819457707995654579891366804619565198
279840001688689321323556266271262480362
318940141799376594080635784254897518302
47574352841203209259662210483756623751
126744610900896203929826195028645315148
195336863006759388811638383877096020845
67852954009179280076132219921799942419
169133672954463044348389639081625281503
210015628745324930244182266265316795533
255970503113631793045706497095092484167
313332395253488092907607633639783709739
42426669106676650237793038441535444503
170715846966560381521817475464595627694
305982309077067339221399983950538115646
140357829776861433579124088936630051304
79841022091735089023431655284292225573
193914083769241025831296400581666852642
34960077485586853146387241756870097549
284600216791494846182310644414221233285
246664625775144192383141587528571916893
243988925951485819249404706608521292004
81806265088991649332411989646746982928
327213655743879259879267884463104346818
35037826450220742561520040986873394357
26524200468603332038044015750202051269
120300799903876197274460509445736992972
71263075412528776127607600881229236087
112675690276049473896791797029010793316
286248358249978162248324453889559118173
39242155965761825867801584946212823465
194030928371708053217154826385023267062
210320871142895951925945994405288116460
11975934719856333386861462735272101551
226923951984979304996140702841082343573
45538814701952478191603008105439547338
66227064921717426087885209734801819957
278316496084234564829334303536201040159
204975668073280568316838272398814372028
6817042335327112457085497161442415269
197683361323842573811716033667940261336
181811675517854458921147316440646702089
306146633954200886018378243843536515443
124696945532601656739226173489536546544
252317198122190351768323763500627447639
118470470423668288307130976032856921765
13811426063889456123505525415513576329
335887431924026948602808126332267857569
128255608274292991958839431669833700942
69449413661314513130653901623629048871
19780479124870399521509435235225582034
8140569258051016920407852884598257131
224490647135590755206610043215978854879
14182664528134871094904331934667315190
104822290312220589927993038677376250228
149812795536132021324483403963319985071
133927515094884030690400838502877116490
67812566914742289468798814913133157845
130133875595497679323194999276342389717
307720075494925659757889699795966178403
179522317931085508202519015561584683110
216975708599496176243775062517109396651
129556550026814640691075706986874386727
272279144878756723707966989771875763938
79711191450542354336207236935619231580
96908730118085769335790268946528508421
109500061456780662825065530175888811313
143926440230356123544782519226790195690
287935006584214073355409838569612843436
65621876486318626264537530603509319898
315115887681977200880375958428842199736
238850401527487145936865305089571321400
34009447658298673638883167130308797768
210362446430934100965324726290195626054
88109569281527242830074822090884275006
14083080712519879692648760410239719809
267512400063348506839456931106659393858
31320957847644660871230284133046795687
107579237483804468031012327288544313095
34558157420677025281277178315744458592
117773714201692789686964553751240588640
320864827232888193102862631373590138127
281004569005152835432250684867442787484
187437409321461696822315953996234690002
154613132726581023709496057997006798702
115841515153832406668862090216851675386
317875950386760398851410702639132360306
132130768064305873693336642340005884785
307553879528650787775105035813452538421
39436719807932061088409188069093610792
138585314447567999850975388236516190225
159400058014332757096532853040467225622
150862501421007158914271317322810437553
39626205129293168502874494643062170532
275091898531016304384192595267739223792
209796487977006566544932516594169185677
42867397870946255669616258904268696444
35432679483396263498891284510804689602
210924369620332038753640785655988770399
250045363591955741577735555949725019663
144043597021796247259658091481542257586
183154898306022173020960552432640705061
189214365397045419205140236034646563646
246773689827878013914864956906386481135
295454098839198924540410123354596951118
98997085983658177751856259332798465527
294539212187545249341733220092148877355
23310163240253428213801173301441158263
172575023017357308597787360950706466126
136685227027986277448405292451120659549
105221000105098192659508785513799180010
138831810224909765204188239759128805773
203254741554728367641561302087430918367
114730902579597494670908844709088690869
12425092861340216366899280236368016287
37876831789422672699782382418033306851
212575013585107867474947765008811020404
147733574991715905187728762471938701828
336323612990933983131599153738273733925
276233140982165598268228452653823212502
296026985177211575834452035449836809640
23374281532341110395909726172735681051
225924556638770843883189032511497080277
233647941708792237450892234650177639226
315357557612507386999257923722159523272
124834861402499571300492768145368497986
243880007162532277781379350763761674829
136745987061360655492419732718227468051
62741662798102638660648218954702774323
135718682770507795722744918828137766524
49964424854354722319171012804600902119
194367300555232744873920337457979246798
272527300211989718092506451163439117552
220016558788640498049253511548243962020
322057424346253332138553866006849602545
19999252598023030152901739205051085484
235800979081735747758016918927257342998
101847023157233413592998185475583102081
89684715489567279225993028050232107680
296818647396260461082983781341379398182
26672167486035664858097534745893406204
243294878360901028612303041163323097143
228400005612352700235748473782792610902
267320627961448623893647531896649073298
8306221008334994391387488306111046328
42617832138972652907287452850782702202
85965494646465353028563151299994094764
179608885115720473524550249338375019990
272960326062703317269258207133991432640
296161902890501946734761454316597906311
278459368344085319107782146237082660483
258863217968461990199016353799632954576
126639846177868952539721798238438763810
72163247362246652497936522646060678132
126309370229406773501082928859091169257
185994916917926730054000251915732875866
340134721907786563260818877554107799609
232805531888258026054541942945758079121
200119838592357378057878138329757937028
143323682999633813733114146646871872519
219970044275087793169303393861805935765
215100844712248472328502775288450805287
100838412681170360296261505998097382969
75269578785064375704324970286677714081
15705942073896858955791077834747735873
116882936372488856806796997140893483291
162140192151375811368913483089441698912
30115093974245413768149476275814247739
112336883341060291272098791720793454688
166922417690059281274962331064309599896
40193711354067058141702778320432103299
121715552743653812036068640240127313982
163237071264198915949161309340084084291
255210474350453393001468081227387677061
25510246230479110726490095545913379504
295415949039295208026549096539010212044
44198484567472156224941255051204645434
34935820618094188964400466888907653246
236635719038136357725346775930169335496
225067111947693317190654972842197396582
35629140678428843012528864666219431703
211786057408419855306021268981464763598
17983435501540923809700619592894516999
20981683224849284553380848167577842717
284811878919146327247699191893420841194
146433528308305148431906108718357136091
27861632035177246653553236727023082229
131493924431428977514364022901373976053
7486544476723328491298500431256760074
227637307026231670346413822210700578024
255739100256036173633347801440956695617
78513908548194608891648341033111938583
332488277350351557818755544589031466194
99737464391016203488101777191658069099
6988076594031258260232496976143569515
69528727173088658861275798247741136130
225863293767882750963625408515507861516
243760149785661268457390709244153713734
213405520343182081128214837616218144466
94824145031538703540096025970026556509
232894714901589022550575580585122727392
211658255400083276254222590809888572934
125287089529806249672948115545552677448
158669361217365944709216655706142023839
193636889014147066126030843078639654909
239261105245875324710616351047197652982
47138133295318887186938451986163665556
166181721854608205941087804017873067821
321159876964906318113327899191965686905
74832777092573292586921974321051281563
100179469982657717782238374036346145736
298317444305009284447075822076826698022
73033058380774234626140161981909953852
307860155377106183483400094524441012984
172128108436591718242261781505307677649
233015125393706015491394048376604280796
303747938329730471543645006430692584695
54861333926993086627776814568575693451
164072706235383761763786780378489017748
161434418752711530201372734252590921773
334510637558121954276870196571824208096
301912175580495061582951296203588568434
16668375456496021476458740324573194750
186322496190016824811452206949253257457
320222677970966643766149560368129515323
170530587866955481646313978124008932593
82867661351706781758190952258604725951
65318307021202351535663347528385062825
97029498900183741641025014753114428058
287644944340904450340182303280341850790
48396085139340097610693829454994962094
272455070343813311464974305825097807204
71927475933819974750237296686467436824
63517933441021798213749422336905217342
204343974297894407921004576126369966853
206182141217630711858375918181242048698
228469961689651053737256763708347172728
315789290338530577126322584948412025675
206956003887570822285313298824625460007
28349998934604411123246425893603989724
244001410074832505402664664797809965042
23944546725462569735717127078716801135
212956521767413774627764654971415845482
260668953450521548420922939531054151971
275815803702024985465731943933053960498
258254212811559372580878137897904103280
207656957658454851361275650648690281069
296912915171097344975941908470801959014
209376249647808509180798777757422133444
37607626707047214068642043804063539181
309228177217039673017193164635275406313
141115914588535671379980039514161802068
11357727373013007128206399626168597873
185772580726369838125977218474350631131
104862478565039854071126701182239736543
49921682440295713012732639572183363477
139344352255361817127606926053435474001
17252354854289541321676773980146760384
45804246149875697962252795953307337638
110429491392618560382836052227394674885
154457449739222031580134839361305027464
39105588682711869827761267101593112491
122763635338486488237541089715933252293
185813335714245956068847415957066457476
299830762722809208812673365841907269649
80569320206536773934970196497095710583
10437030479296468252590264816512257955
129035157139511522024105942957520443324
311599179514605009541684441724523955044
244303960297429899324990535810929376220
230773489126978921495824843446708838441
108558309533371991729180947216922120149
235853134886716117938829933654656351035
81177880720348616936152454581638364271
29885310867946501945673991955012744678
188094885443032147616294331377588032731
56591003242545802511813966931595327956
53644988417748247747127236289334957772
275803262479828336839781078212996976980
292841241467027017319418754926978746391
113621112103574385316380561949523443985
69611904649578670249775246875137328935
58967525896815293878240980978046786018
328702299323361653281374592858731253129
70073768748156072404581647742309008352
128514264450958795350379731815443855245
221476906268083166442237579310768913697
20648591866699976955342969558795866802
282140612807921631091775604246736424010
52069057588603162142051579553030410792
315648423414821858643622766192244817517
317227422804670535821410688011580194481
92568250749827149017312219538466545125
35224831672179992253056238318982484630
50782350486765208968234573806841714645
203133517606606038142539825219215598255
265996309437729822844366302840338028886
246133696619561351854208864135646840812
306735643088166088430360124734215044131
72454482552914270450482799376533285465
92203356168424844395928131462760595128
259821381705775890985203433790116238482
207674649239727720747388565515672539131
248683584664692294378768808894137510372
138282676116751956457471289316916936182
228314034651076867826490344645059921298
303458636533730086917289941060611045041
268363327813117246101305860930786456495
95451634931502297777432532076975752175
60180266152092876690890238360567743796
301325427425727924607308230734829390261
283400760812169719460228648341162721355
172572917398398953500671739720347172629
115698668688435898326229574797069508615
58642982988769925779567761971827152082
260029948282494673351378765275990553951
54542117670597666560401194442926192958
24141621530839121795918481064678707111
142759302480842451665395216144229121167
147035897119612261152043058797088300784
23017252600643707376695833601439553183
31493751369708342102811081133981137670
90553639841829145489444679054526188354
123366849483403883920474200939916196176
100647672976823803896963652256207525476
78140400125273999804395211757010275367
138329004998005393707165287381610365106
62844572007581185484342916556107059686
332049815274628142954401610148533118180
168040445624902589878671042716911676746
291273467425181152848663655930977373807
308648622819131644051742847187130963147
68457665625006568223179020583461188949
124146280698613331043214430219095982049
283075493158606829768516098995685326320
160422383819929718495326241747840484940
89512561417333916653431379342548019373
69010930438142449239357220779486878163
66482293309581887883569101061688375239
264323792355511194995653299763237580898
143195469771275820680745626289089861659
263190926394905013374673908139469506332
200538859559277442512852443735478516554
38547691607842039255334479600754767350
99652813413182272806791247075475994294
75469420772710497660996847615229957908
195636419901912711713605634393682293601
111224935800298224664699735888075106055
195459752015238242488934711796763646795
8612931784955847096344886010827040753
213347278210352547091282530994691889239
204525399986167955234736120200005111884
120008414536342290928999216236933265009
65399626526352795992176005865747138104
123792200118716138736540885444468614977
35270297835111252232675769204995953350
65225974248750508344356143317292060250
52711552778833193618220867197675876623
126300024743871099750122043381527756502
59677776656729349075401206619199561698
6150915227640515425603730299519999184
295561841495826358707764816645585461871
78123585791927818379751733524918318214
281385180367152045977903452438309400940
231875586321864056719697995955801118105
29899994993098220516975525877412891916
24804974265603311362076010131873350997
138223733804508577378071932992459823333
33471557597730353316263835895768551248
282326184335059289937093406893804126131
290579988832594079844376730519118850328
218319362152159956681372311062699755816
210031479697289524849957166242997539664
297394903930007570962943439018648885828
187216109761885478793621813283246247154
110128416403870290421867953999306999384
56580683916220570698865221927256370933
138596549127612573114895378523135835984
256573483994136575456324623732160052994
261312431419476159055776828143177675089
268445730048367934618703326638500397151
252455613648659734329461982312164353875
103921690468889485314766764916309715728
144565556860352478723165175593427966108
339422855411332647228321266687285872728
171064364013848119842429673348614636576
224164946490300141278775114779321607353
56656708252908134469824102681582838359
261418504910208452122002188943132151375
130826935074710759501690952997876862383
267417235213902354618646232126529963827
225229582829669607304466137894228999992
332808608325191450149853910619328558106
185035863074052624056729970575767525869
232453559526301936530779346327400750709
210188067602193934347189565107432019051
306364036761356108808940739967060029028
330664892797103511011401785650760833841
261041599311467060604749217540256828727
228399380421049581948039336050009416507
79291648298963704859461932471496612497
153530144683007447108334952559625031114
145435983125539947801974779141640194439
192040849489452935663350776062926387030
217709752955903344578355718987055707388
176822276048971030038283008091172192756
152774303383393115572403072771082088760
317369892520714420510396083019281751183
22323211521175236411808759786590661057
123128887338050047045743705623534862219
159998395285560648255671625271555162485
293452743392398220797371979545938492093
71273988999722620238701663792083673530
335053048534603149233548591948159282261
86976033929975164657923296414536939153
31511181763845767324832752667684420535
215347207281847826269969437065657650146
37738249784303090520952034193883613922
34971741695826711487393597416729405208
271523243837768473821268710358694420772
251086845136101639115580081304861879841
239031649577504157719086800347383186624
173888933032576842113635685074074613008
212849065846512891564616120655554592935
114848834561118258885765129999309773989
296093325178223647963196289431113392896
242580795971989888944181661376500844492
18353770423335139165462897229845846807
48934370794850521758238150375856608166
306983694593135631028736055868044282663
246754001142626543677330753271764484815
181235003493942078364409355451819292518
307694942795284440874855177620077561443
101232086792522098759796891264068313171
264766944017183915151235713429378538074
35576153177845586624403214867245726869
282533487383867413476742712619664239878
100132528208799236739771590945746673818
298422971900626128945930560224998977071
157105371448993803229485708618231708828
193273704615047359729637721925451927600
200874270957945875373381834932545660123
328723351445174724275942659043670346574
177283510620220627255005560350707635528
247234599293480262907885150279125382341
116868325364879401758556023188209586098
309553584258668671507588980532205695845
154693826066585311227424154392964255769
242263801187918373590371011341858713612
129234146448393562222321460676442313122
128101297086865673024019018832661871317
137333697276373725449787042025621972384
313865922769607214062231344327855971079
228922844934857268320811308066028450376
112138808480727738718410129086802740143
258968497986957628219647212692616600159
99578544936016622293175322753386103976
131495156633345158498606815755796575659
158074345090348160444076405798212204472
180111917862168430707657679229735077572
257509307384889680783960006427738190180
216106094318288973179079720953202946039
21843053927577886380066815077931669606
219796628651452740063803414188733173632
334911809493702245720432082723854475023
51369433430089700012871828484891196173
331348687712330851731565860308473820848
226553167355149943525507599015677611652
75052289984692122712453312758736841250
206106605072921074441622383348952063713
168008199192447082005299842803608962723
129648006928772972688059975463769306677
98075082067705405479865760082930260731
173989884954488727012407291172179172268
48860995063165817134563169548638223295
176649605094579647337518832344644926846
11023133704992667630847549537816728049
190435238334825662490497712786804569630
93701657219519241475343737943997394414
150979015294902309949497660401532228669
83240227347017241512127057274247113170
49743829264709261267214113784287063018
129792713971381375385060905505781816890
226505775330955770010318562852053051935
71403041447257074251788614961218425596
134991360041455626419291202831127725171
27629953618373872103306567756204095565
17288759647827907004356127657737300026
263502383774331922748454671472626783166
49019981618902102995780082760505962510
240062368862280689234957093153638961429
177482227236561960198365907538422921636
174453278543356250931951603301634976714
272799327475917531120817599363171877821
131839754881653788897016202922776796441
129613692508107443450948389129208903675
241987098384084477090362743033300908122
299693545137497616793924532036879853062
163783114378418974492407542112544050236
264573002774380636827704907328981837734
174671753118236956111547358143353333460
8404560671401045685366208859815139634
133268771763248522608002198017908736589
167411089969490785338611767417545634878
37859580555480004875599820010111362634
219862302250991973905676813996027236622
73454342138282045548811187043199679048
229330330003497603580698248873941169646
146061345793536749295924839366807508266
71865483140614715343760514352074829134
9414814773099061201721013561970131437
68570471159771521770453144622117212048
11281132571366633578349478778256861454
189438666196474111277885857680353280074
327026729377844439215102069265137451385
123470829563058982090552498658251885985
211064563031495653077218037097836360630
201908917166557280248049598722727147684
317846547750650707046594579316613758962
57935896416352234306506502332491680786
136269416188275003759359573214469552839
249995912200933839294621237059456490187
52459962674214737502087610889337294856
116128668381351230259750825425897010248
288407705579041329928445112038104694973
135187663945860595435464081593628938502
229618244227670459932681253611327377183
49218629699024361658244114053925985837
44083599550092355405497856348333144396
151547437304824642788566245516260517592
36222805603409554599602094227717876246
223734794685474397588897975344593189174
9929648045166098063698336177075719201
272994360268343284950984274779648198974
6783061358175324335070147807240751726
203197894651285375836162404851948815300
92393409894652911485116316201460008792
307426529771344444021550559563850121279
103928045889350154752764210882360509839
246729549856983334613635469613409198963
270945920366065927457207046005669430904
237850950279145298541924803723425120198
315617200330856591754308100463964536641
134127295344807301327634411379613302163
236811153021138620282021392476282086275
263712842125284737624960979177898791030
163409506862711048030826380437886610730
111708974030838916196760452653556089053
141598097647658755859213966144432718273
180032558563734818352243600583108328918
267134225509416542135219471410270033202
129092383000517309944844303295557175573
201958957549654072927659792193037795187
12975523410532559337869993729765633176
299578786289112703367475074353551450555
258007887457988721288180105473459830606
128316305809115778821954438470169603655
186501609907768071391219151775428329824
95758414234923915246542082354696544812
252015367272494834134095159110238623747
262400100930574506639186240116469829195
266000028880269664214170882031631423026
9969306532108567309972957680425151294
130395725062021685224638003909428369501
29386558979157914063737145951322421895
66583830472574765849165167220188259093
152665184876016265915261590887676155910
329627648173857185051344671373103206539
334676142139455206135591738308444464059
68081936429054501674954575817470324319
6558798533911564232138881042323358363
29136055579936582751047600270314925859
290236701735549370052765794418680602829
124553692682145130765430905091143605755
95117524168455702672635394270850105970
212116004883908189441228166113593947194
266344492165824991736937355635940242861
305433611509462178680165491279355885494
295387490963076815223127298328633911433
7607028524969796511562061782360424999
134494216037848006289475892737873479721
157867674080278614599527117313349130728
290005980726206128623610430396845646114
321827956411872217687469829064221087635
82592112182411109912645056895544125299
75511684864489764530142677744789602288
273912786893384186203473395149818574855
129361113126061358497024712832336372851
43606052439025510807414132737031590778
34383342663402971651783257874104259804
66434855132317585631852400527277989890
234484727386192810424976498014510678768
99201582911900333943458480587746100781
164221128176697388344748294926781743510
37854978173256091681932119395454659196
195648660156756957070070413210087903728
303460821053641362388318815546330780285
62773084422409719893364517206602088907
49888942359968788915462966588033493196
165106698719751857341530242236616515851
294359641209111214871570911327266959973
241073252186357409078981299231934968218
331215469153378300261388005369920564351
85873997845626416879212626620049065690
43945847859209863449480744385787159971
45109016776850912140264225400486979716
334726714401832594471885721540230010892
334670491426113907556290159203663318018
18582439387665816131342514213153228967
198988924456785526387457782025131317658
9462987656498662614379834015480689372
93732696581313507012655457499393431315
170776480572927129725261213174261450299
186562488738705692573068813373142269070
308991740822311716692755624661062080504
176755107590887640275218543005038077574
328178603736376785548141979081211314594
286025533488609957284792617194410338388
115400448886389031672699644274511892895
326668762535501886889765790915292953121
215096863040033961738262992993443893099
246883319539874577245073355466238981493
294564845254536934697123832465097138284
145377279663565437029515268264788074656
140931430030305042275293427076155956387
86469768162400715718355814692272499428
151053465493909101874537500749380507755
122610349379816321671850754744234125771
166521944603409830647468145950512372866
157013557689911701372794237621457759587
27677366155208971308931423882480805824
130817459163587046930062642811578646555
227951340358131335918242977929653484889
82827245718038182054235364665355342755
148031852613058961313120729387857112859
118824673537249246126048440910208959702
17480132602666454306894119628873624455
276984071137333268818315403002308680064
335868616367804702796576507374372330398
62309854434404076654504719746436813135
165705172668618996433676609426299621263
111301047813462778972903777175773457489
244269274123549007681141340499217997248
227343393996970406355548319236790765842
287067110825752186624479540597163312772
5132073486504520405601065514702689931
118988542992549156243618185698130833282
354098179411342589523323020493872198
332551434111638579712206050763455629608
43661274181413304274679493037265416958
136105279423690664336713059161837377012
2371386481313186894010684758282752173
178188613629304573529270770697240542691
215338909787061274955783857657927982345
324690219218513787236919453417912827516
204517591092969245309587334915852904040
236653861295967208092708682407631319836
41452294758758966831872871637154162233
166236767292183023343350807529097699409
115561061204630811015726411159415492510
59994377526267987983151557797339796591
1276744310761649265127541264623481899
207801347155319676648406566422242533596
218417449356288534349256078412082980439
189287200712597829641349155162923275209
158263589118840034250215877570827821315
339786385139800165369311806613335444562
33010982169467196191428550447319698399
306484842769599329865853966986869919536
64203096452059855417582124715041770905
97238220256193733047207943178047724336
226311916875361281058680230826598398792
336775040424783192349605420949069601660
268722184384626133211250133142688066861
131503996000989733731634950035235947091
124868890573388840937102898955955941596
335098850006197074802566716860438245505
10580861986809201678244727960238411986
4932256890261427927637365807656283883
96959962714540435576372284625311370224
257782642424814864121908675263092444704
288214828917119998777817676132798361834
35371102766087628302511601016736908048
268772853842505387479366008712583114180
194151693417872981819973465093747896214
30002488979392080304967187418227665679
204975163210743581784155283702250626008
88563199566366074924286038245433985611
92335745522111266718562348474233464978
30883939048691609714905040571679884308
125747443709949593009679945750005188236
227651134101433695624324193625886812238
194955012323312636510483045682521700377
239402391218893667291562563635414537997
235901954547627487107510930290119509563
295408300512854302717248386842322281865
297039329218093720710251414615554906336
175531419314125512165688772337928863246
112236688866234060950379260764715616253
276803922348519121551246734666868350454
333838196603013197916853314923078521883
62291162267824451054271088256861799340
231178677586408608299066805061402312354
134054115531613550284904200580940816975
18476560837880159541069326320793889226
307775052698567598921900111272974940166
96356513299220923847118477397859618391
233730885201328958683266122147986040913
8905336564697977407157922547838618201
165079963547631964621889404210330723263
178065298219763698063822841350785363854
213398653692111195668737619174402431572
133316893937763322268487562171790144126
5269954844023118557726658496452440453
52616834252736378940309412960115947225
287245521066008693087364986543552589482
213827024365351195835495777754605033101
79825493905926933076218558639496199587
220491269412644349802197120837451114792
315177935772463115589918920340867141009
233004962033049015663543121254654922749
299350181664105389663537206705033910009
131653929544102987046088912422142763056
297335717673592978084433057055090481147
196883398814126426106734511627544538053
172922839484130059954384003680116962363
83708219454947955431280508741871425836
242744692343599974748907533851039385977
283530182206283927702561330281459116310
278488444498775889528975763523713851104
33571989747628592330183264517740440067
34694324256684343203587524215476995753
242320509775468042826090948705724764791
121691685205980561141537945818967351580
107527601176553947332829781508344071898
332322326494050932317799883406517928577
233607366698578678672192635653790629536
61160153495603010934703695808607051407
125605678021287268681838550168757419152
35486039007167825434935292602711705654
244987919079346872535730135326754291438
153744781565796426207804786921664237966
58248874963735081209871997204226612265
283464169115411461159897482018682099643
256137039873358353603547706303308823413
96222101355949785814924632723299330323
18589456384395077353206229129105393816
281587327852972784057273892306156068341
122557081488641751839450657718277542549
244621537269791424938673633175274491643
263755922449278100077838551026421059364
325617933175939896839556972211230500600
90621002019769100240022200895955830845
170434519103147978759412161029776059716
167263900601769906051576272056054855234
101315800622379809589264368346282775440
99485082214629279783338893559971121864
136660540215373597088516233820561868330
138390820865784927159533832688764534771
326738947805774082048159699775248246572
159796642592755338847597653448668323104
24800819044649289865853589056582663590
179288385442332384573569017685936734773
302419902762455743205524894533519801979
268308548349050835498864582678674085376
108640904484306589779494078342863122576
24611591462614678447694687720339512684
187317705651511393262807183805063302043
9139222770241742587905325394290016570
184616344325343276683347404348636221619
284669027654190252601444965742510570457
7931182803498348580576426589523507769
192311479809506555687177798121277389263
268167150695071540775509490550489532159
286275116725770887300305244804245135820
324626192405003888505029350984441902880
276220989912900407059411664674324712849
122192770446268861572038048096359444822
251190447149000544658457494691459142122
337549897936366730905006422877377075945
36952413414952340963574943434588793162
308672591322180869040345297725527336411
250058695812846492905332543488949921240
211681387280647106895124252052539866113
90096233473358197274763771229239599440
177240486769801411979842397917582139294
202421982512125738804540328092232756931
92315735953772164308731939355703988545
329481652769154984718856521825733756385
268261097658813734356110507043798797683
48929413673853036022664578159267711001
292636240008266391310303435410983326915
286367702979644022380265298066887740887
214517774640216736397344100848741359894
181593511520168298605881834235545827957
29614777884024205551103031351730428503
86960119253188528714083009449273457664
8059045307831596011612731481519981222
155857471419306012708362272283201132424
298084132801276859271277655103052420499
9268494283962257321456949821460794261
105398648131639092128453891866922497906
95223301437880801810956994188333973612
103517407868209782893325528365468101291
272974053025162442848030389672738512715
12892826982814870942086890872543480768
202734859327005032691921366603419845230
166896759684239381023389947161737885263
321410445355206511871044398518712940557
139913427374860514848223011149502736604
63035574710664998235267479408943578639
93022211584884011017724722730545000798
78108350499505633914240108738859681659
90291222414938753861682885199046231943
313413711408257649274623468333440453380
232341967601171776506000319873421032948
205548111311827225302775983276693902445
261760695089238271218872469084948145472
302224539633237512305808770632597592358
172634010676425042344238288553721363365
194382136712675848710420508010720351903
290809555719297806847132706471161142243
321980125701406686946366505605232781797
68173230974949418676821536986863376650
71305507102662627817479267700726127422
212553495779798736290370242437229834982
110445237254880797556490525832540255874
316161920572161867697101609472069164547
189414510550471113778330314240106031730
58958886739951607455571402759052049279
299938376523926868187985175250506038247
310325480609600456099940153623807515277
329309359903018022297174065686897615645
163333270424118412745028439283334574376
258975283895617561401864853498075556871
323662860216791198855690290655211077018
189710570484140435676521634879571390601
283739495036919027804865609685133174788
215683138096255251799310179727405110926
88031244460996313824590917170508948164
311722022097497356391239470923740171510
30025106435552882358187070673287922332
280231347405375455770781282797966829649
83885059764367903818551760372692579242
179017912663243202189683364809768805651
123346939519870332167088817412527542344
42777813266590722722514753695317569664
302517211506848269742952478889558503709
132964099936533376491958829915363667899
211484625384919638357368881674437520138
214264948545640958624538035232793363244
150465894328971169110765309127357248992
143206999765681149592144761461750824360
273980160089303307333905972577172642109
292719075961226789833955910327691378583
241932184486306497621302817500457113247
152832522456265662507395135178102535399
162520522257401972063152488170736407400
68153968076673593703410039266441336417
197252113699031440935159125417374245361
124036433725023766742073032449714718257
254076293916232938995793634639243059929
162936614570247285275660387890859648725
233678376620505905427141767723417769211
318885146018889692631850990993981451309
336364199253499547122981526986272494555
141308542526573245491295895639814478099
35422864244484762637190614301622413824
327862524020010090568460857496030695194
239195428418059905959024992162928276565
241404411235488417096815576655593799638
59988766933467384358346979578840011592
5597697536364545063883749815513530316
307731255338543434973838593752122635110
110847690519377370012630211052252471776
14290127284442211977106893650052093842
17042488932452634918629614916063476582
247891465960527488119000531270006896018
1307947294069333809148367801462165062
101620780896331130189234208076658808281
67475183644807619295845304007253718305
297605172020333842090075272347190225428
94226644838280202156992958728805185608
152679399930558124937411004916222343722
147750924067705288355893575714623779815
243839238807928803167850958756490930150
95318546275076059294785696430893803199
52443574906335435162628897627847140042
46650190296508686095368605803310292206
15017885172188229612705679873420729007
236259479852979425523834084223226169809
253779517367032241413293895640025529139
291280608141237276610651500635309392620
306729969920409371463993320590463638923
302636370673595095209417442035789978818
134903188395955481943979898561222435195
246432712439763258021552791058572750121
338419476182950376253467367660472162632
168777678198618859723747482408777066720
72447083596171177604465754767012781407
307085018466003554643539375442522754981
252794019145773031526445767337011941412
191506569579195784635609102936572700336
272044900465591681855803194878910293724
250951294075772133146432926843099000722
333945905022303588985800595287152910501
313810726181553841538340162102635529539
339298328250005655680644475193257010090
84994668377535152130063765761705860204
118746734821412666448531682012266568751
233412245414925334228654929747004551022
176194963966422178343899015281381305371
28305698166553325505310291445705503742
274417995656926501007564583661156911257
296204267938101167419130760940616211263
95761291004644779201522032716360578604
31888185282330573014174711974496354322
190018538488016198706494427577212979404
190809421932521833122945304152765211148
22284855189247489564805159480648791131
295413811398183328362105057049029736732
160174998406067560604374827992281540394
317353276927822026441619020437296623904
117723899354755239209397104585952897391
266155850379930862056581459389111483930
278995529832760211850387677800639353943
185567852449132158533514310632227772179
316018814842107648282761720877399968718
232190478122187107665449220534135712170
278500563804214064133783083013904465037
315124274893823040809010506589213906001
79859171394474983642442898103638409102
187532619725731049988264627748028301863
220312472279977407737960269525144617720
31201724256296883022491091407700981551
22732761959174267087971643480056117261
142038760366105910913285315298615609122
168439099450209520444045931275931600535
164630032624120930543539847096086439514
201944672234780943979655027374557396025
119551042925734521857626475441550327233
246732710722302981706142704724059799176
107137094860662176946612487586155633363
239173691367748687681077561701655281156
56234978013711761531878972972201616396
208507408991329062946229452975765674079
277876208196222240989564428003463470514
166979307542037133451066501887060572450
239984609880321504800182926803539044566
122531738151031576930439063926045443979
176746120887754053583284715898491895001
78010191611596683048511855222307464812
59251665677733274560605723953150301865
241342296945932423839246845168338621232
42654695363629907152602030627863890119
288184934758655187968209854611043847547
185663603349706040025315156936400480123
150887738031874915578460024120177425249
334899097954054966455582857557893146370
147285095125521080688168618735664578966
26035911663399534572302754221524554995
229258527259074865696999660366513515097
79775368958790812537305598867832385647
85983869640736907974614938951205450359
316932906322210502035645339253082529852
223414432313863098959296341746058149504
43711161804831313004015987203666826324
160474544249214363725501558970643284597
222273754360450344318008616379138145995
197632900247399599088462309823883851260
167028161039896124324210525505830413795
176553443740583816803103449243238711932
62023426083331689783478732314101151652
51256203795544030543878978038301535562
62849008503667525812741977919454529402
83833552564899078898190972835231006343
191129338095999855727063436055094566598
282219570349680633357828470995458147142
271489847028437646454695370064531311378
301159834555731340111762331667929158747
144952367306637096350602565822624869196
207066344665274844211253725989675867399
9489898343441088066602188886248609746
286527931405985299500650201632061493081
9328649688928930663199219179840109672
122757366268460414860761906812404957007
219608486235544944514449339857325432940
96319889046411494674049276137484342014
203867476888818677283190340271484366798
209628477007118946063597249526235370846
213446980389865355128013705357654117385
297303554068376097517460784212635312590
281799969099337020648686652425213360396
200897599584561116292603424237418771802
311121587074684960011502329124012860750
213163561331020556446180225298787017782
71009966260984961924464337048406780737
93850377033431557369575600602572718077
89111742184924417168218386790700451169
306995742043431200553022649021192202546
232866701791774364556637994863301113856
45684575996815520486059660380319051530
187500539701238410518255860499650476765
16143718601993899626689288607220467627
45490297330886483741849723682514112380
256503382484047177701945659001347744805
137301936585291590351905016794589326194
252455496087524417808874523544069675719
221739894611934597629728629990906307331
159656253038908219015974159128858756808
163433048440634480755901142369959797888
60059509768391143084929068536056002176
309180670677198580945024300074631682297
53096124853435031259096045585528052382
57777408657669548520779893311750874359
210769730852380714022621079148426695903
77934215540869987071323973772284340011
142937063090018529651747094458918557821
50836020899526930708319271306804780901
57254803135938004286388513349793973306
245163908158825426435680309790391128918
10093335146863731250807857815005375009
201348111523608693272553414293353402886
134218816109514968592499612058771211450
2225818954165042681768853605785899084
211034487657652722791596159715583377283
117166544313154469240331367060359052781
9634168585931895055432037719399402748
272843353311169947071632602001724488102
225013691390948581530788867805438872698
99560155991539270851179103761642388433
56464462721270448459879071797883012855
150182426200449192458505494830444944045
103463275198873093868774990151071186261
69036129029989932937327329094372122762
299357809593007017229786076766540960253
243043481552680507701875841905747447500
190226961813333186759742838765491905850
3051080260673783085812496628618710361
293714898949745648853135173442064915829
41263179281054256468819695881687740930
204347841053916683559124268284600704464
323681894331630794086156278948137108128
251844338480119329640914532011822389995
108452138259730536274007939855005661982
160803289737483995267437015443729310551
173939291772712130038418745186997931060
84170172091886561466397498986679917125
152553167890386264075783517105351073034
340015459431925256391050858626508043026
44080495730497984250633911872912533381
272432466089258126600410781582718812721
12135331546417646622284144339700874044
314227232830209904334155897957666131943
74425072000795936788962680444617121118
230257460818429808784009384334760440025
328690153951331310231879508008947353834
37347827418515337548224622797763133706
99072789931938332120700875339266515792
197524472090184672261090639492521201362
181481815770670470970207831745635738921
256285021361470249110876457214752357627
288836009308163382489877390796393315380
200621053487798419145243056755433258296
194341940236820024917535262457840831804
268414535272084758464865213451884669737
266795161829893416754957312459627224260
274220426341022779838112603319786422764
56706631264173211768956474417511798279
257820574451050482799324028621023787148
313013232624696552959593697460418955072
206793703371844106346462549382296935089
339246414952158201481844517824394387598
162997933034044143894964822313231624938
101907753109114954665306745341942865450
184421754914993552312514867198690272915
266160229205711235839705739738626222976
228492650562529134247300148171398920669
114826123856602418268888542856582112043
63650956724085733936724050728052641588
226430367533826967528609457503454382415
191776022508876269117497017201065484110
225795034178718815634616470469293419059
58224005079158677911283008921445446190
94137722864086951960491332973481888660
318487218321999995173092212661276428308
83421807590491977312524057653889718354
40592852460968412250938261171827684351
160052431659934382740549596972185385186
100667887432858692959899463688175348472
226218480970722544000836074870572684288
82770770739535454264812237226245780549
269270556632304207594035732682921829543
159928138609823624914279386290828006728
174520957007920126373281042753320677615
58510550825035490597054706335909263104
312674409694276915130553081369657331279
251141687015834071531568513752497717980
49017772284565374371991077726584073926
300275594076976830553984883663150324631
242918549286551347646955256156383721687
105055015253311039165258418394164827427
76513287564899253703555028759539071325
213804117680257743724475499646186394348
288415794992269067798706266641419897260
244436049813663512446755044586892316197
82618059837210713209564610596549670008
276183284686446476536412816402223785284
113027519866487834681661523995139290139
80201465032775415596474867703846635391
235512426899115271181129696154851901045
226432132015974568797979616089264040611
335225118456516961781186052278108678797
264505797472675416281775721889473178707
293017342383252822390908289712142352372
55776316014977466243772713735362861584
213668973968388437875300217391021833145
235643702246807521786025059696759296255
156855278122728209214551304110464487808
99946038128148686778855909695492210178
287622969837117083923954426753311788567
146617962613007288709299683401359340746
7325030122725709893619379537977414784
324878050354351356526882981899865401511
9549636903658765563860798866950983681
85357572356874999953979384334247210697
334639078473065271033078346829279317415
225679645264885646501386423149687157210
134931528451767098564548249040474058350
149799368523820936559517029942022860532
193560376919382200421176400198324446778
242180582168157314097521145836179737878
146788387946061932821269960676691968372
168355078536240623123360462946086129026
214201984200662039209652856960970290840
259325540243544451754310926505507517372
141983198510739135013908943742341762122
166611721577304577113821005543348035016
50369126517042961736458598832533391975
230462575606010540911229167751447029491
126136722585852125006008497394525112327
203270196166598325363543116517617077900
97586104936471420255493940257510165849
230960275166907220721932291993397949048
273978987630319314859274131289339891711
116051228521501183760247098117719378588
87710361563306102681957450906287273847
162612526422888111431616272485860173760
157906146665846839559203395592865239332
131368810771688930787515044557868301859
222585145648772975687502391840914124339
188855345531664204064572887277749658974
305227970716731023585999147962985483268
37939245245584598100058637065552417396
47341119097398554837270653882783704169
36906649276345306908645563813206749641
48535980764228935574227073791482447975
117606270985667163244556523219478218716
332112191665957921270594093784092391937
201885576469799854472264038455460287413
334912268568792983126237745275891183533
257837394283957917904961102689900215628
309239827795211604815021962007167603827
212081712969465843539343643017394898570
268898090255900930494390306885451909098
36144519594182607890301607453120791068
210319770382765172044528079148738614798
194258136035512027428768432461968258605
282827486197699363745907467057785556181
765687865008755337449450115465641305
151893379883474506173418648599650700164
148586936819216797424216717807894094376
332960078849964173858788032065145695144
314832030846472422170505624029970403024
203695108109626322400002898875036631385
196316318003058205293738236446176790879
314134204791205737884358518057668202034
303454540132100365325435900827166481016
300349553159450364743297999474481009129
165192501800847748470684842295389430635
150855617712291121967279176548008975207
245885852732305746078367358398498328413
178738753108929515928863854178925711572
227682966509778840173871555848717920291
50739539821710562088821103983503458570
141203836642287425603401104333008268086
194734599915189547883668860280068465081
334529575041681175626291546647853571721
293020592327798043010024464756313790689
239399408077432593319366487091753192847
193619692264880566369744750866605664624
127873465938424024114312398614668165627
258111136058294554305534550730532889861
184807811494413216092252281509987219674
220137863836634443627425987877501690822
223111146345266744054829855178514565133
109239054193717574296022736663213456949
326027286557497892459132800788699919860
287368174047361300671257348198109258858
110348998178186173791201620903386831093
251116406170254788436072083464285307394
33190769478821564275240477260205482509
199711836996579389541713743053213574241
166728925038640447626722399189234550160
141366239513815650822088457924829401004
156188546941765779424580751422715017115
7473835806438121241658909083087833688
187137930139463896045282396568334237468
248718465254194769152253298409187656469
36663202987497211607997670558059012933
85989983589163247672756670559176368795
166608200832976450057946259688654999169
202065169375097833717544898664268787969
321134501933179566062493363754213698232
311507511972204994522775681681393897910
225668542756229628448989809501434755249
22138743860316226829977323111921783175
312015488952885581222855261280965480244
83683123297342109026415903161840616541
190576676184413806512862340491107209228
115576692227614231262355339833289004236
200982352525162324410139777749417590040
278640458736115107160681734453300007834
15393213792292608104263532603979358980
259105453260173729074286123845602875716
259136794466716766870948247525711724277
339526153827500927028890050349237749258
40452669291647994094654858045797702637
187597860938997468470938277894871346433
226976957998126447587851495798925764842
300524081477457649964656371897998970790
211293149098392649804654469192612328869
220769054882455629854489040939826679831
1848228080020095954617634029297616607
137716153199397312056299631759641202211
161369788415754070801518852708601528933
221243774693906841067709087544752963095
54532809089105570817350360456970175102
309059004361003178603602826326061543079
325727230484268863077963527505636419337
97857300979682471249099360539605428450
13816706824090885422650911971870393666
240620632872579360752168990111130241811
327373724194672865408594684204706251384
235125724707681560536514497960488791264
137479796920409845090164597299326043494
35883978726224998392998561131822610057
50146668581107604400491607010793904926
201193637894361712856243125393291487839
14458792633857777599469578256701574196
230000868369736854989873085983379000093
15279976861942117519234897795969520236
128340972688337105953723434201632440098
157272631458253509011800344705355516736
233144829532018995747986229097421554014
31667412719257848693595733700180253487
221889413186441769355876693130946492983
68488541735524892854507854191296601420
295528457523025561819920802793031950791
28164181376498400832644508153294806413
29844538756679825112977262052146221632
28234402157400555790295657281744332554
51201599766462311798518119708416992870
138644858039181130527852389640571432918
139339493151049121245201757666171721351
46925457872246659794564888217863881954
125941037041381216526856318096809909642
109056651561683454704948281695563731
27188713011163463507571125747297544524
252892278224487519069895727340610595797
87534301980085253986181874259588455101
82026529718081213981588341276706849206
232134619829291019986030780587697642351
293041220983517427503884733453422351603
303272465567570625668185299949605851349
