151738218308342478052716886181088583570
206956805804681787148448243950950051292
79462041751278768334961224077822142788
198065652182618012964669289786572955413
78938539553644229687604454559844777842
86912793788210947864277644657924036429
175950875596279529993876835236489446776
154503735211338276989437347996425914538
221354897478466275759268260557558702957
101376006777651529250982625328303292688
90266328421553045415576155881799674131
294450236972849478958821184185416942305
333030425780920662195810622124334674862
103663428824017724416903493874320305223
10369472492358621470428756451999528459
168075921564532416653412070878871319954
219804470565167528923507246771522876163
72348739836056032285768955312230104478
57673112908863151204175447128258314230
286680747184620169999989120174495638345
154913793656220480649297058756597421298
23794562416230368469017188215051702489
294474297847552405092042486039787868263
163208991398653261101356430908089831881
6172649299284873158593751130754796610
334330513131240200481919375923919956647
178331962057865989486728014483278420826
44892900934272184688752649930746468598
322570379377118388255013638273901143637
5145857547424509843397979691426295824
3244599442318452918968341494671927969
228871572272277436428023167842513826486
302258638050142789177948122566547570565
28753122412867042310199304217891651471
271982999691104064375619352254227351269
291206019644421347851119359490885956363
141059459932735433640379374770873242610
285498128629450230361495745008882466184
141274720709087287050744074415793088575
321430201671602046159561287006736954511
279176397983767746543414404838221817229
7243646672836038994157616362300051685
233875380339626639433376268772798830848
282933910835826305902268337850823174774
187169819995188399198284922894447659571
113858993637499623516364231801545935431
168592996280910014783342080644138185189
19008473562392441222142834119126337811
156779300708063209945887466581274691040
199288811660989423548376584303735950729
229105139238125388953753722504683238751
124898222974432930363211287306743215661
225616682380964708336314382702052996404
158565594022142286750151639303272134449
299089251592039560654138329707069851894
230276876135990430728258521939594120399
333540330344279852412071246106417507096
208816177022010872278030596132638590268
97725537245454994230255133977692499893
103149183355096070862685040602917674943
284722284561563483885453776281833224648
121747515077030765234839625578674901973
208184733003692986482964944078753367561
51776156418616349821525688452268430740
174585689980393883786751372604644289755
315604667569678503421324463458139326476
127900572732001916009900064072982078689
248622089407225369892112072874154882879
334426409451576680849900884761160773985
233075500552475020017024796227058960968
303905793196530430476410230834127001982
14135877010073429113931926794453607545
178218603452979315220416467239404694778
18165591676994044444449378419833835967
20819212047200341540060549103494893095
305960804423523311677477596063459061670
305530774061655472585058887214405523791
94956448345563483131767157231350527517
79836746399098944152808912457597268088
46615170183326532647082199731968282111
181863283119432832566838539013253216213
85623055670775804898285933774400208508
314876026689244210964752665402753336971
307603896853348029293052919336825651739
3537174472421766085178121477841357366
190121191976164365533707011004547134063
29553473055316523465446221293982892207
227524514887981744102441507310553537877
288514706752001668676873915124624093480
187615712200457170688653778393111635143
93141281037041744468274542745086159737
92267781424821017067871093100894801571
246469712256516771802373041851810044745
96894624612814629527394683576656703471
83238571893399990278107778955081760821
204232031872917794855026914129708598256
103622681977264616407780698157353596194
31505450769113964327896753581114194085
168846146685514584069378535891429514665
313561465668959804379033179193694680546
267192589479885581364035469278370732933
91793196387899828669589675639947394077
27293843310287454718404278297358561653
32589925315192014347809384029069556864
200438343152705617295239508577582347109
232807555929480487023569073634181305156
322802930301329013842108336875694282120
292558545949572200471480696686594779831
189290058974845590833376159766321070936
76496548168425940834609314221335911446
30416430335750219352019138074447726330
52531183635211093683868839609717016449
41131455842163668252089084098416016097
169326476672506025645388015210375958002
223157195408426927860341704197199649058
267878291017494369051573027008327757634
81337055916654169658142489026870896214
272151592268186529687389440451518178367
281335589074334792964887890848145975464
95355039693349442381235417667952062502
309187692765710500114438584375999162224
172665889826547256649973317575084617516
316276280974404881010669073990461832364
319681021735003839260481681829143726553
339824427748375075389203217886344761977
155614350624948006062095615658922489525
327032293920409097454453337679542235156
105842697275571533857948956317708015032
222651606574633627339741309706932103448
332254191121173106305276059873527244439
33141894061628174813508056749546447900
47994297291883045455405777437913990620
10845095637146984436636930254943831632
53342487999263999575877906604609523419
57247424125752702483327979899920096695
265486246723040318098408001968345231478
71044466987910025791852442265659076502
122660996373643675897837951104465348012
18419360737513467209544044379331726190
192468723426924611358746005561053691305
327841909523885797558612511571674830665
65346662893348983130934816837951664409
32191777932549431244016274376499175932
266992164964591322399528678899286655458
277337495203736598767425795643382669641
31193265886516130638393163690485302233
185065088885455653766444512379178047914
5584269880047544920485898374566529592
251335045419190344289982907167391157352
127535663931701086230213889104555680428
254278568258806286572646032420657204360
260135152223409648878341601126504690855
308813092250640136178708608459700141759
170180856820202655624648428342354537116
128477117942136085149313424515658090149
148655695616667141886804534701479636337
273842172883799486315504902205081768575
163469295177494211775525863310765765522
134834956499441263452055757342426748531
278449169686754097008385348194726934377
879747713916677892228175061028406024
314430328870566011683226563314362326352
208957968508181498295922895207735171883
24482845041353648692390176725427293787
190027141090405869534731355575289046444
214095289003833881326760539373704720270
67235054161591330248215410526006654712
13727427443040895289348250465790340481
181434321564582199607979221389537705432
69596448750345706919222448999021672019
284365242734518814284585620825848106044
58391692982938714417160609986869868598
108859659809304796244723975855413618647
80015498893546774348466620419090490966
330800287172455820097429502433145227291
139461020152771744886569254145421272708
161030408644506426012011603413798719230
283082047957175653415146871637555223041
23946044727720922192708239470767301197
238511333293493489146831346283558290479
140915934068270385377024842934430451354
324028804165059601241915729730535580195
204982022137871922141925157980068063902
18834684371891303568601269267331208150
29701718573944541313390225446252307933
21712629498860584739775828471800118211
165369207821687269748092150320582798053
63777191894430046419844563295647128921
277356671781814536733005190745456924829
160595007345191282796956424452068142000
235930040706338007145295181298836417034
315019354220238286454352648483766020927
19501525831149306873621814181136098370
148763338152474437486399714521474670095
10455828851275500923671709319028545898
216014613502000962976118519558416491785
281646440497604762696673271897490624814
50142344041077144964492835478543546447
114538737990606405976724963219252837478
10969108160422564916891009812254472430
256528763332997286941257567742275354025
64039453873401584786476176555583973372
263043005632222129720021572795394808230
240939147930277431637771604902940138733
332281465758863145855726678344940614876
80548040865289345913019230362751516421
226802524073275090077749770732908146664
34629195794566075075829593577052161624
189006375048105086520947861043660078562
291028347711936087491807920800919690832
285008818366176690702305743879149102918
289514321850903437722770313711657891345
278041928149693871195921693021791790997
305298255926795473300703585114271016924
264735538995876433338489394480744884131
316839053290818766982306763224455226897
28063995794347686687225613145567269397
16782717678376760506318616907869109624
145541764331651363714542213344234609108
321877489953913683922681683104836898827
7362075736168115576066914351687224365
239146713751368333222154627021106392457
7664575244171279053560199275718253128
207206236045141331996546588708208732603
131279018001370893095827479258133922807
295857877050944351376244462150935522183
331752146795273125488924902523472539795
187732093053912498105280602771109895648
260542995895235037326080057992013201484
87106071935692908896202459595071280441
182956914982886123591811504207283051058
300386304306089781172134448825537182023
122205914626707552277166058909886136007
323362941803242987103343581190417803490
37365143559804138074893530490773412598
73177464371629867199320503799601774447
137478855334055572892166897109561464302
167922075974933015935071072133375649879
90061908879363495770032465443938710609
167847430094165519496626117085142516533
272537359083970660365857805636126478087
100744860568126488878724696404001610072
110236809829788386123191595019557277339
53865416091956456105620163091025075383
151165951000529841988849834693555615842
104178898728753505080264893369969153838
186240633774530292571736890850661455508
174485822291690350319182389053009236905
136233253226331617516806375247670935411
6854778933107267491200547989237969160
148322124423152295472059921860392527905
214988912322558924967277263771170466688
95581616512824554703303849616170882098
81523958453588426113410471204770177736
223001912794421281861053654614554628663
81639385583043794785387365968379918579
329710503057245660215317660943394580123
232638242522320626570709145708002766251
136071554545145989050881041303836415720
281235645149654030264478878574340000528
338293955320958648672097953063616354901
102426507232888851904476419527080689934
337981928170841420020770259476428387204
214332731699367595939020362534068278045
332764050509603379049657516074263332373
244737113891381480736635798482038168142
168940334796904586394827129240068050134
144764649740241125698388203344420446797
322166975696980564199819211751953938253
41036996614707992914868856581417264558
201607069791034703040805420634470115393
66373360167233867598508725719588864471
195715451090464696676694311233876067558
105642368631182212298638194195372129180
301572425900218694039317902361027041469
87839915679130588619223751935594856213
335293455719379768765558309680008997081
25608325582926406546794321261591401052
259360575485025321764887843965695200330
248163957844205683726519804493177940272
10771772802162088772241516834477979169
91709109251813049211480475344488350987
210738659418877582316770059997115785161
135670400268696506448525234732741059567
172806675833670780618718838342718051893
282186095233358130810157959725596540417
321784583084574064648880334746500062322
227901239973382141565146706075049182010
36102226672456462239367272037579310651
140695823520925434847457129846763310742
280964915158390363188530105646459262326
88506579728375713231875138125836996535
82659526444409105038294349520243981668
61126121960219331521309062791442554262
259986857715319729345898520573440976966
75637585787896700371028027211002844577
50687465918213277189911346978492096227
332166476675858150988031778091978933834
273076803567682371228722930893178445924
210838732495872297785771887603338504734
325553180527315241484846936960761307511
127038183531610665280210250062902858115
310161801323375763139366958322766918528
24101012507556305845122132336637372334
320499237142414435907386562207807888424
276106483796177345196574932839092619059
264698285239076415828047982450547070272
171134359317987405880371210644087957897
293854921651044297091030576933768489305
161429485211356757124656336304313266334
42233208519684558320430203415972299129
182763369938171473267454858193485612734
6173416121844942064114949361480376485
334042651051920619321394371748849409243
72362685103984868894338757314091792889
257940977623862289307013588045862421499
16760548224331271246889885775450579858
269895696717805323450803400614825254113
248851624083036064007413480390801492544
142938280935614670546005499115844649620
86404538656386036684927668301055980703
248655115580371441365742887145323010456
682022302014319123805971133573895189
205630225976604818199930336460291285710
8797368789278669647787114603512271835
216907779890449370465218138973637536022
123172589381881208320265557539477169620
270654626208090071667272394285645595196
18763008244782841579090741552045109159
128905117295481331575051930483283782723
215171167610555537030970241158697597332
285090472742063444784324924966084941916
281929761624371190408145099542713197178
253527476090899914112266833493100748326
338313227511524674108717446562447294416
111458071616850540381620749516362384880
65745446964738036572570224757470640900
187838789249276797640785580163573998081
81463689023730956871124649567168584476
279488086100303301881619772174863245273
234843991965775888822031992386496921868
288500962039287139975225228326281432842
290520963818898762958946523565245621547
257028772450959052187689681682418649921
304927648940823297454707273458610881724
291545901133110208856229041194749314297
334845364892991138275318171633361706983
253941033093349508733214970188908642014
172463723615107501431008998848813304474
257131814734117083932746548257031730697
325916051291743271668382185102784724430
2071518353427765458718808311396693075
268126540959504196082305734567063150244
3013668080613836183903757432989373562
292059827612073888253504852168161495333
212346939549886004947802897576410770089
252885425211624872055741075241646962435
293379504215013896041402755553441378794
46462504714108126212341957446645828689
173881392657152187716875825444679517349
19252888759679816921788302518477113830
267095788437972746715686714769077363655
124487222952490812773186495406636051641
80797319671124982326679987754812334226
14043866795955561288530915239061324863
81612291962043022411235570794947590836
281149618438108277136830784516753984571
260442434227528729065360331195599314795
34472767690951842524623511702512161573
131534354334933202384343720876036494229
108820880660366046329352767482255402402
245598563624129914232324179328454342005
255445216382789997894198865051031395374
3343229021113872390858478294262323677
279110266974377172484450205150600101049
204520887171241804361242538605263391735
190532809667207032242663103884803415326
153056475122172008667863341897412647723
42608356969803840191093004069181158642
196619845713198820151817113032956181823
45595035187918727642036707687012970570
82950215281221601563864734575364664911
84520254400364273226760874967613608826
306461391489715344976478144358489308779
304501379378329136928896667984624274797
242247276210356234015205023500348307986
289635731919302715513349348262584034283
329795413325009632395931633006025000249
1278994589879383623833507511389358860
255987981923193716556961323359113106435
233077840484409878902986519028815822688
280650999761856555434400993782434253358
320173201057897511065783441296811502507
335350835747148293509989457357245048786
56615060103986622601374266324617336118
42363877497636719178189265439448527877
261466400020646742259326018220216077555
256451671270909847066489474715095105449
226995502253350798109136368480922460007
107069092725348220787581861216435357505
225865781766987773870697216806523522765
315119958348030686735843320307552655404
277932165548010494985345892943971807064
322329035790081132277287507060441629001
20509490742830199170118550604293516985
303346998358796397044379338394260358959
300436497592892282591303482866351471795
320785346395188578999854960637440412651
145750711183737008801963371519611742434
72757733680861506650779697042290372501
172456200115278832429573929741845369751
228980849328201897330960965981794307826
83480580285998153330271554564009370359
130973563706431814505380420559050950967
175376662019680084264781330011569795993
233711670701723292331234523190230062100
338125544515377461174997372494413022794
288603470269304690934002779861996625340
301972929160656677341864711638960178587
135025446679559973493042567295509699645
27349792861505375371884365970854651587
48723455155462766066422966353261419090
304568491919488054317376878571382952149
236863625159834915836911935959027880823
286944618448615256844504020451271458624
320775656203319411668268993301266118945
335165117302203928955149672248879092939
27897969706150065487965104888113318420
287815498265891413310899793621966513499
87943173768998690671798848563604388813
207397993767110318497179945014878301633
266385251393050739954985748246629448816
89684782205793960580597545318485586354
331770449710100579882269942895979185781
206817213269704832169681981322625393017
158274467806096559600071922365945769905
258690621940746049158834961459058181738
305860909635257249369811913110758866177
201332699169054531549657167656918743514
247714641826001934207225471360146347987
232839367704449882750047487276194332354
107323445614044522760873861425762007256
266058489229743498545293341608026419016
302481552686615803334238142251354036605
203232909033537538607589278231359898154
300166382340625666363398274330418546847
40194011533820952331385496338564629120
299895074943137070437193634284632869697
134528271248464831065318848940401317953
270648530014551266451677611326104314928
46541772969995283294679684335599368061
254405348470525575666914093148351089011
120279441795330776771625909840616352595
319422247141012288170820730108672793355
252046997593087295249818905030282666569
263314853049716883000552512570868267436
301969480016380301425812097618317210946
141817472549146459413560078813760015451
11675003536414942516914865542706783210
130099133512857961380721144655008027949
234620045097921408185290960172816622970
212792260482258033458272558539958822119
198361564323981144260191172893374061844
32731193196024230356913358035151004066
279261026314495090003228696781758735060
219745431606235387195076342751920611924
127548084633966436152501941508289243046
108825576803970242073023187667013248673
114254333871151242140266547784169194266
181790828523410478205288608006387004165
195441805225635143598393391304047853972
304119341885466756519716812178194596822
184482171384087220833360446460975707009
174974165254688583822972915755112516253
214640759364506788869231990232539188779
39265874742307675933068934650019490649
158361946745014180609820475545454281600
257125069929964202639889679906885587426
181166821318486004729592436447346140377
176717378037013642639153333869445094792
144129848771788859053467763308323126443
103417812217785995633526784094441014758
125168679684039701699536425199963949480
323105416292696700881404600820541741129
206469286825722198828004391229887374250
298638271787767912524286389222513430978
55686074640042747013051359739109318365
238548530059040248970952290965818997295
236639521811593380581478308498983884485
277349846038886087747919853186479983680
1419451035257299116618391139846021287
203359853867888839464131435337246914069
125791390209232894414761101664456001009
202098470344976581693970858034526803509
322780541932905028109118935665306719518
38258337572971834911561051060265838541
185280875521842514971893864856704854441
130477246872328877634377718563464152198
212036668617523340069890729669394395670
97079660030874282001951115883766312070
258770653592871626204767710828577047513
38158596680643605697334625994008762834
208571119718262575470959984997812899353
53943470288492355495214695490480704654
81961103312576132870544287203821853823
61927368279242420908180112309787853015
275109388215440150086112095353135236899
87274874526933280377055355857219552780
266093414113739315173126825450569212026
319841742305126800738710825117093838314
133024223435117890328656888285843189451
332878697991988724297343896012853169645
13099255796418048269589594223644206640
185051216166447558885509787551847674463
61563612549027161546528581853630391271
310104432008061828449460859348980925474
228187489156634232348097785561971050869
42834435330209131335215963868829159884
264291274650008958609172572778961358866
224866262462809661342919386137216416722
321862718708341562199575300039869419582
253140895186888180850076908587960511425
174618519811212539807830773451338949935
178727211602399046732070266323051280811
286062041635948537597222423826585964236
218676443370033324990612267675061135038
282955416157816946888051108207721204685
261581834210662294147955861420136753006
290644206086650237607281106452955929864
103354138791477986572662484597941657041
279825097267712246559954837108545671066
117264726086727135128843582109714714837
12700841233593943078923834551351799248
10192557772194567511065277250647692358
60312688459829662264688560629906761664
316302730824511230645551219356497840378
288953251467849417705851514713863386796
338345854212125114563566956048796467981
180132011796082103221956599736131848482
278064682880863065647810754910060230163
77726261150499343673759758058411295733
210818453540897380263715452340258397987
90283111255749430196494756548204434543
295329416152388260767477379563334456654
158954775485721270865383072315374384987
120027969111307236619607834041378272032
96388326558639607458999596426908687010
120466348422722092634867390900756599731
54215277318277625261388264262792437177
102079564337418802020048022318072352586
72128480156066053161969961645305263964
150947180102879023855095124582748476505
274906990332536212126672057897930140589
284707946768313117488129144241609928674
303986011722046697768620188661314646269
154772510254297030893521022582207681949
273625782427207912123771010504069075288
137933785871946568761910256125732569387
95025513397533878241064143371514676912
54205391147562364086632232131785253950
6563335450562909979083702350415409494
62403017400000196062138181402711795882
153483045226170723058972613641368136704
333746687893212937715491287295580582444
237261026346753980049746717112398623762
165280975345519169369232082352017637850
238000261711678688578014134478678164979
131196919802779997017448273686676942536
144857495349035128497679598318968168633
170655380934087776478361879115063152522
283498055228438269480044828088821388774
221848954218954562053202945512529081853
210702528401322642423064848030881447393
25184476438214047926108524290043785021
132436930888579491539256133889588479497
307374425937343274337277055662388277069
244650758602048573777985597363030432019
179448986834055814733741250453668614293
124978163483041793584284413234985791977
190706655453387691383900076464386574266
11211942112286754772039789844579393830
10095118652908162901249892960258661581
122329756837374562635961115338875771692
323552935172435589812219866516578536098
5794821722110990317931269828589411926
192123296409831063900217582561775320630
223015346772790934375494699338800913141
202277886930544063053750638727109717599
273217581256449286092186820136221146051
112564513933658904350452608523987277390
275808417486465825752144825851630620950
76726603225258194994074604242653337116
19047367612039401946968872806048059060
284195500889901557321860385372843270208
215174186624304758332826890524846360929
148784717062522020014949157851319375057
120787969477941266948001172643798809072
191635899776010929709777491871857381825
271468735246025030497957590130792249345
46232333523519330616563845523451544435
105107626846891233298665548074684392620
176966072317326744932268977816014152515
338344522031400724473593349667555785753
250231791814451555942428946645965600601
322073272189677292179549468106011122360
73212249449304317341908530212694896836
201336805762361172802065238481398025815
207447406096075953729994463738389483919
184368029741547552957700450410448982608
95061920640319737952410174975229401681
1133822464771737160583149176693170144
306879340379978812232272937205896202711
151587924946142227163409161197618308915
247164306066335619573621190638524431906
283129372608979077679591159814217667068
98657920493762083159853351302386559947
254490561098594541394564120379137352051
23544259135952377482475305294755156362
273879736174467373607287984512472556649
97209198340693628496608454763135423845
202033328018581824407934919506682250182
221771287099455400680793151504190188297
318064736889966469617510993648085801746
76489874344861666413503906252139802322
38209624641446628133773697259402789985
18659665683023967817884819733877188786
20610967286095305161607179995599646373
58108893244172869148578070520172474193
328592979374627206208100373197094074786
267886401078530667359661348971391437113
284291889066433482288293465013476664506
186177433412747130540406057332001991998
199848521878577741603162312876923223346
104381279811010597260138428697218800160
50179893741589449782325431620072709293
218555690711232080486721402910048643844
66933121371951341651980334756260168843
303604449196002834999333706653414984716
24627244811979790282454363027301738475
313600687550941326193554318391121783563
248292777598394109573964170654531611109
62907478893895000023784123702464408334
191420925752799595672491194063818752987
89293308909564889324035375061599467073
326742599472993039408956177676286544924
206674917377321393473166057392335588493
5120871419162785486850876245370742955
261730518199173295324889806969186679698
209927410744327766881308830303412141333
78232696348375888928666889738347290927
169081591360404550289543391483096047939
228377701815565070281055883260705188404
261658891992383242290641230593054305113
323132030134410489510005875553522233916
119775197890581358278344393909535922698
113586416596367623717965931466068969775
58248942200931448721328916307949301354
43844122988434715539542901722029631535
134464439100908935955757621900598827397
204317578576070265316395820706196509743
196486866487327566409764637961281390135
336764886334245460064630413545516486092
291440384531591519796177641356871000517
93075169394627949944400087085375619541
244265533460994265846189840255899039867
175242627040450853674321163491302491399
172892738560325791950423455005842185831
293901547621017073985676910508986062894
130069840190030327109965194424672193947
233733606875104192008963670199634985746
158621284504863501946664125084798977783
290511640480626788266358978981219143662
222105018516065752927243435034876389406
162407888351673373373020235122860601629
66497854387241501966670990963257656980
297496154851384534219760118762826754642
304313132972235487659836787730667454029
294581630360935576821845305889981814323
216624151805168542817616425328724037304
231582531057195461776520202514203101986
280780943562490570537037638568842521101
131102160297033931373913935960206778016
294942251020165905946214876655882834528
4384688994836840602384809006823846542
169893235743479930718513303039499290422
162914425032005091519592059583629210487
69831591592247944864648425232384358813
156124519380595209793608728910450373390
307758049730735730677831554564581791347
132982410102710137242345711165355178441
61453836064913214518887262027560129719
125378333362111736319426770988032672734
140119844459009395634171611947038012566
67356523911354289505815327782112230725
239609088070221607911179221176676195198
68528149366836676165726417988359614683
330788481977338727928103296796156763095
338569296214076186331463337608859104998
255818892152814201153566437431668631383
107091380885641202714405998130718857562
82965876483600970167086362229769705528
76014474233703965286039078029449442966
321860311075826329176543458286119586023
209599080403455683402629550806148428699
339467582882781712319652919851440922791
176168217587270530627055703478894160244
88718847933422488165785503501414011381
201154075565737038868207615696595826630
127618097145501738125551866455831515415
215334268884953054269396690586595489498
249473719247843038572247043472285383566
170225901585108753919009270111370721167
82450013177737038858598135918499479458
166217014578751349603323644084314240141
227008368038772698042794792656222913288
75091618835836925329338962256059620581
228165049404724613896381640398655855033
259893485510718934165823859980262124567
127285517964699636739443949070946686483
147591478253504740107303432424280284013
72626897177200617156198138305972363847
30777767631490963649163295540354673752
164633849020958172582046153592200969327
118453217770392599952739630281739353756
308163016021572245019788174674239273243
184994472978262238399979056879064397273
72078417309783567610896223069523491051
228771800208503943423841686394687356002
129646375292568841441607812590469609064
169539945092488552113076161976773205895
280299857454268314968922264716221267184
209412388299962517125731645316033116731
143046736702000657098024967477315382727
275497359342046843753497116940672716308
270105051771084522336631845873073892416
152541213009916838335398091646938104175
315515045657177817942822214298551249024
198995518042499365358794993958516126239
284162688277624803321654083793024523879
11702229020627912340215727544759257908
202886218772694979871029584186241238729
323311661898346493016180742796788629487
113665229512713663307119684044243533506
66628723554348870311834965936663328260
112642803437894617181386157881984277299
79594543588729321628219732669899104769
88173974450476596408533477240871366384
110862386172854620179521126934624840844
175809693403426414679046220008382946141
75013878099187586605480364615925610071
117037069904706447675265991312484822520
211868110265126535565050148569058262278
289266085416040747544570377216088535908
314815726109543382771695610747969490181
141272494778116822997384313058389375964
213712822369848321980343712501445343045
271646981204095091960840581966986944613
143706184411107052140626846629331735078
328774094868294734257773428254927847740
40493285423028814001287860108526983100
26910938136553613983586437347363106631
57859624665548497549953622372009612776
214564319892794467553533482580452400981
293425170814750577862795509613536414629
198942670230986644124365585995423039235
122690842970844755935056802324676591474
118861690755008896401220999223205873438
254889093545887785725664565946392502698
191759712142796953057903517269168584346
51233825357526027407887647805883220069
266840907865367480398423330173308227924
128327108664022605012626268677344501902
163576686711312306608330191985417495968
63372956952232798029210561003476063897
302629068207646495131853676265310861416
98421902303597776674266395514010366738
288035626360710615415528802064788870774
310681677233954326069282819105779398629
227975760505802991773072308242671019163
338765652002539978061263432837098104577
188319801501061641657625475277199015179
82471565935369227120115709201696701482
236112488268300431172238458243900112284
259810955157670775490284609945322434891
70889593426496547871457857509094578822
152832548237628580970322727141625889816
252322170832290596149879467631901230737
242486272660404585230571844798884974
320535987565042896837271040132330586099
11564270707135027542991284629522392741
128514434006049867360944369331917676472
267006446140712169024290482990223158532
206614414101232600036115765288361159179
223895761499467544596257270489933535900
148868178953350856829775349729346487768
89837761451532247370982500182317276476
45850411381228954418203680259615910836
72209876751605355088575245577671822470
5829572515297091378207138361917811956
101319481728576168201862664406490088918
110491262679572178153180467845104675383
304552958438989128693540900655801927250
186778621601499690530137807804845119384
221331099242554869440090563386604816098
208748533223163530713799114099689379071
292329475980658114113569261284523752144
133592196353927923179747126066460349945
15775006377093025027684703967001901247
58546027138764173129888295432323622756
56811767868451130072723975205966081212
167733510977209319433990360744157823456
122856314793674176701882072202834446855
75765408683468632996171562490405641323
85636650764847195948726623580016282304
254339292222850202287336475377704264353
35142489155161194696175293208752149117
131194998723136101974271301964250783213
162007014371277560654382082860445089788
109330274905341113326849301402705870593
67400474686969336243458145966909335596
2901467523700097932841055734570253352
26447959360785841450142126570303998811
252618017025065938261141920156510811272
132705284203764253813090243064139093576
231916064035977278041755481965173113507
26592276330964164602703776528143526174
156301418051047749458280784190839538581
151181864406168177423935465920262395327
20697589681092508752547363331821502528
23236893228039566353944736034279553599
286203089006251002046682420323335005775
279601914278067081510399145218787558957
97694581069413387744128552419769550684
299919895568283945708674994835176227086
66157517374748175801944573300203277872
230011520207688401491230065949843471411
19066484433582452391773888053625667423
200356416032887056565959369906367168460
116866503567826165917355851197007069912
298808375036312654522864346701002390811
107311773090355981131489239200322127324
22857853352064056225526671569302482672
42171130054879965660432723621562326018
182265030335477136755456335711114442500
51949137319287765900097196560862441810
285951819082564249043761954226857622631
155087827548257330439316201135247438315
278570518876159689864801143519335838685
29884897158554999825969146772927207163
313497480510009733593301184211528302702
289369728499325347970715904072558056135
28567485556136087012200887945287189697
152416128752067887664263686325341188463
102540491959630362047867921874017252047
299437949538878023557450426474357735009
195596451680123413244075826326982043557
280986612239091876902646596826173253865
277202303554298901750216686859236877657
265888707682862567612239294962192640032
23764719614221376996829919258242286842
111415500611004823059983425277599851766
21036674141177810966588133407706918157
34931335483422099097525045404143412318
53546952110530635500872982053047746821
18441525755368571877449141255443682599
112424516807688424546780399556026532138
76304754420308906971662675920173906668
2003819202316547987233890397480900205
95814308974989888183402956673332950492
314406228762997985472538116652797019942
79513370446879529385748884704495063217
196526543573785440936280573622737341498
319105467656777634252620443833744816326
24835625438373680079046973226253674827
334994150372506903676360098221724284102
194830376009772601606458550418649430376
160261766226168254165449195813301879857
133249183722523977349818049980327951566
279013068505547729917906681654022143905
163911112222811089975992575455432667986
6849359711162107663955918787593297375
13446934970021492648765899232694744935
2866065295820721528979234796474222037
7723019293837101028635814026320593666
158158454885464252108350496634156821135
53800839031640221376592090815274805459
339964488534200989662314850573303128921
272261296657235123470826664035304750156
110954728356712192306901084070939520296
318031859396817915159215139583923388812
339360387252735394732744099984160747155
71130804444058656356883558318052762631
221115353569540749350148825505494611087
54023117829895579756702920887507190050
249522642289338693176194451807550925313
137728319249815241683113929309612847468
194814598684174854238320217264258228800
285034632221792412691840386919698514914
137297061087901237912619847582640440974
308100896164403924361382618866283233325
163664478700569608595098866983879476061
322611186522452042316559432646206473250
100086210234567384883245659352171746429
286898073543521658506939825265739351567
154193962785584420509888153436618682718
145146763384504116154069222313572484783
57039152965440606241351899573232119625
108646563247295466060176762823603024426
30645140496232041141529887234568173601
28585590637306746213263351874814385726
220041853894616713078985447929465477693
93496698984132294680907193523268156700
194584300018866224265131278045466231233
10191688105472277639334476125769218767
272920013665156192873196136381821344300
98891532713815600672129771408263945760
292700092811609598779300431786490541573
113341673526588648364352478827087257038
227947497034107041633156197077621150803
18213635192437481076269092114124022432
63450307142942043584277431650979099831
60609524366063147398278028090571129909
10124343741922095196517973133833372336
86863238503434136874446779696078009359
335318326494253668555078786913219355821
160787801892343584689199683624800030280
151970204625676353296969563071120353492
155086614500329542406512180546684887965
128793476238018208406329062309347747935
122046059395111560420938057164225482511
73578230932718761869903839262856536780
115747908881755585518768131699951405708
177212463972723352970339238069199259854
239651614666025956035706892224467614886
324068410530746890131603801444914317382
14738218078513670384136216580558580083
187282170790325498046602864763839240344
282307605647512801965348525359234446977
190730121137187362977947737959829209081
273396144569826331851618974430774507671
250475377180790398615893849619769115469
284506902980990490140998825988338973829
35009376552878012870490134722372985017
98565466529658724980748834024003452011
308427415554447637753486592354195568655
188966518334605598166143809173025089194
4857996518801844363348708760886879917
37776302382309552913471175097405107381
269014280161180703205338565699863255363
53882211732256669514507348680827193810
337779705883088445928694243665198153191
164256811699648951864198080531943113413
193439576065399210355883337217718329588
107576646278885043451436132240792709488
228501027189663230905790024663268126785
33987807794601879771757024341929818463
88375797498920503108215007623239199409
32769576625782481582256165082135297832
335753701887953357806946836563042373963
207132025692630100049094998953349778907
214076191086982725518836176393813837333
97641346362472239343162661847548366662
154946733553632237646877199561239755591
26815441327676505944772892104852157286
19165012414516807159437141186019611248
184523591492136784913993404557575068406
77869140078067217441340048146628175123
103285515380259830737846803930711143407
65397702794250633599082921207267036780
308041635655435854066208975740908281930
248244466802877689131086373003729483655
231994037860471322527577080778488556577
294609900584882585808032442517297084047
203874342271988614130257989660340499349
23799895059145723193769416572791148717
238062227299431294553871531294288016854
154779906394353787730229831415202529015
100567047591058339379043642749196709706
50147268682509850412990534090939809242
117902593607878398484857554942587589615
206130633099608394740158436877829055570
106189365950648567298994486053742392140
296082294909797619368084410476854690852
46419842400499619307725875503348026904
181881917226965377621341881071052138357
189469079735695302462514678041061155828
294033718904559105019780684437738308160
108021122108906400719666728147195603698
51344751978852049216962674312725176299
261740260500735613986415673970717106447
278476756469613738341539739750496413122
168837054036805369807352345097048727811
141096796037738375796101299145838782532
37542067358710327673074119469238929962
45627951368286236119360341976719577677
140825125730104259572045375932035072890
158759083978279757267131146136650314995
72571601705774255299838226253544629950
165804173421161391795613669320549008511
283271248746246212622420185080406728732
168707000512075588609080847292716992757
166474958862674198300386182957047428488
204284445816137971364761501211558948022
114086526132817915324349879105411554433
42245398461975147199952570634182325602
20868987628103318848953322209619867894
145476163855196146480225847109108740843
331649627472681897372812737263119293671
103897883619114499577946854101077309794
259843782380761598226212949761735725330
254981817739953217764569224126974763310
145503858020680381515706863263785412019
190726524039986024746515842751160813682
28913914105110272967172148280663496342
330935290731583391169625521567431031898
147503679250726873285619798001296688715
297237261445596765752274164853802173528
107309966875247428147705444009546673531
197151848000903234584742107381091476169
104582115576688738053872793958872743105
191032248375092132341577455042538247494
310562588499517914713179344864087647433
141572181385145787696308591642095444874
34217426620115187830286368710882997732
337807469376110042236215873378264240636
195465623970286310805085374416209845121
269446197117431314302934293802081725603
262567751887039294830173630590690680010
148852148773246797168696146749626271254
284408743014692928482227072306219709267
172670466632838422649938192054611644124
32791263942801595599354048799388928443
218793003089272647006811969382524948230
325724843528438720349436588157484242654
90541170862066287710778580526477749211
218801287206973524740720842192741790176
37901677900571638713721360404421087418
30837974251959332245566441083306755184
43065827463847773035688945919020360533
303452307750576031054618819448170794216
222554681284180114004978752189262453911
14431765669958096682725259060319255212
296761709746212096142140765854488168597
105854602222741348430856899640437275918
118391540719851995801149483101152098692
229465131530866097396226827176661927885
71111480512438646161809232346119648892
111110059183011426800377688212183818643
118244505685005212194465632986883053723
230386037839268362020491029855178288241
287998192492874728807499639021098674705
58737758194372780363398750451894323376
96574809494551660912976750508802139507
91936188189869892031431988892809219605
289083249191945156610141646396120987530
195502198842542573037636946652704640860
113084028261212813411290753399721308002
142935092121094393961712161858280112785
113965267470424760038725951054832604092
142439014557847521112199362806776822253
134292904072799519717267391870543138330
150565886647728292755214399159641164746
137180668517329521281480592388206189883
87814634268751932611613763873009446442
210150582031711739965922400278755946566
297486134752125853169215649661821367549
193698788796353524535787371237389835409
37785137794581408491191505885262076099
269293284941683400253375269305401072249
42760155607381877246312377833070121300
171209157987450315065555367734356408623
238472695039783567431856723178888413543
175147389953362691253656045420315762873
204249867773569118490864860217693431632
146460973205860314552879060332105631974
321934994691534487396751640279325280423
312627369738684960690945310593359360630
324339779725015971791104970140323811745
332632884365564756250578264727411286150
208496107643123120270867330968638582312
313841131981856415632001303510539316366
80141082943001919706727595996500975836
189194549079747830735480212605480182612
294601896685563477734134446590878472681
319503591968675289829460379339186358996
68323403956011569436540478503505538059
227609554076037474139519432072255328941
329626428858486277734744170817817882878
199709416147685834188494018520368938656
28987170253784251604108380821509073870
235199701251921702909513581024140093720
284762455913801894893272222787676206852
317942196744272379805892540602105831666
168703681916752447402633416380931200766
11395326390629897976468881037649181994
16099675049101645696500480160370104187
303715515284237041342759217928192024559
252302196447230528773870488403318846972
294444758053302664627163176738000502051
191534714095464558958848222205856546656
158577012305566478456631488288290186204
216549050892662165187771857526903240104
56172395367748733851242831697463286902
306873269586638227907436720801489057368
205955403190189915625185641717664056809
164122511503866597228187582792373489012
335515158767130056523630696363821890980
305275115352517958442853513053626640908
8839577623227788345089529875037908191
108183053756471458967430562310160030862
33681778472645344000269383432767341140
194097920872024334293129453022964364480
123171302242265742535745223424712003405
906565987100951161247020026641329790
281851079783249703229880445841278119001
165793847682788267252655049874706696813
282567837833072093557032288866261301449
229707939138595079514150781632096246187
141670683577386110972013538882571758472
201016437427449662439551904965630310294
2065209412342736588744390820080287580
29221231988130756875422670213053390432
120541171411252458572623867375851748471
243222777237868037341143229649274447461
229905813175859211979429402380735223548
252754118075003199345075190979936163251
306465341339060870770677620882324375360
280104759088616097868613464130905557959
285056766712881472372466758650755405409
278343317741381862934911738488809400943
224913196515116685795369251240431275271
129797973283459259452663949963939140346
193565147207172767417907013770311928467
291638336955665452931235142756284567771
309529151699046963318041228172161967919
319481827584032595448730348488433332068
253306875604399666153586680786459032424
138987704981715893050974044213550323148
16748407008956606982572390891182644028
281247885224093477945897818162700054111
244598597710283347921216597353100723159
293655383375504292257175347031345619131
324821271656685730557623404885970395401
69045774026039364798175016911600296342
32493381517804253500272552647733915792
282423554293707991428974672919109461178
288938240024525452219899117039883254327
192060029591508402192357667663061967611
45613413339012755157109557895603753127
45611155323744411830742411840871722165
190604972617936776366481450965642460118
223699972522201321623868344108418346627
235048943390163140586772246103288980476
128919233370227544204154612186786504738
224085124676263091006010087583570746806
146891069281288160231830330586384080979
171722736698461860044211715615076760270
159840978345861409474979402508028385716
220798639881415367148345095180674583671
272924961959203301438694294789239410432
138126435218152442951246669581806345250
68614218475785527926303514878892222624
137322629281722412272939639626703443797
106830660256629746926716638993835310554
21136248993194561857054717508817956429
295449551072891485867038490743061511498
90540935835808095192936983964694622182
87090220902331904524313805318853678563
329330705061601964064382755932218454152
249884632965095175460971934861135610671
43129593008162702031417521872148494195
58167247617048361398369167025866129371
25112378170169712822047401698881553190
150015053839507915668336106652856395132
208585740837266658606695214865662590916
26262168275005711658802201257455648536
229846301283822615753682857620336593638
41504246724587866157511363202798051739
2810199858407912534213826234266004534
229463169796493760758678942520290555082
130362811928711163581735268989601260192
281136162901173963670647323075273371118
320700706705408598217774223943905251082
332915098652547670902407105104248721554
318290845698712701610153835205069303544
272363818531924339767335262275168531711
329174355774697993482145663846706292227
57727402859247755521345141976121332882
249538790673494907431354632094696946029
106183710936689417693785403970374425298
297033767401996539536780784763129144811
180949481433972921264559021238035456674
260365832856947178764822769953446281736
114912115635162053418720911600033682918
32079027476961756661344390418828432845
164606096033903337587950684647836182410
111515893825979402887756309160727776726
185142710919591584970805390493259048373
154942466366189929261528765354255892076
112921475984767521507806281792110236134
320033347255881270732899797507709835318
292227078973013068164022848817844135757
244020647893733991148179898180622432811
200587366632863302767879824574786902177
194674615114004997865960930424352520113
321741904800653105351161878162512103272
39328190507114319177072980047035382248
94280137336301117798920224877484830028
256244143254648993045661670179118864644
181482209347356296024365129209441413670
22319220495149672380439348518287304407
202150990556503423781195099830826398253
191632595246512826853721487353049745356
9240955601125425116596517842734856377
251566558625141392640142267134493624417
55864836960771203498633292889544707935
187604298131458280122052131012656618330
221029384546792124686905957889711164795
130576655211823013117417094566553051579
49705090287615335329092867538805912409
8269904984426184395028738505090217216
276175457988135246698586457101210819925
43742944677453418477421407235120135884
280856372798891713885764294429153814533
290149028997662862590808649876095420191
51064917602223838983895466517067956994
213360599487398951381652311636107746782
203631221242618111476866189041684058698
2789790939131540567437781927572100575
162137170761643081270952563541938770975
104322150565062124448947003095708271022
300794863278932556293699794752463992463
246167980412260133998891687641643510422
232065769507332182111013959906595087376
92795374030182561128671996852787767367
211425387972484389621690032329052842388
161949235838214219135103363273512381144
246501677534425937045050521430164615154
328875192775722306577135114088166381319
288467499687550788450981390977545427618
83139245520117512796136244342497996472
125877249413995792853343813804609814087
309432485416155211304693498786566135684
8468838436129583603714892871784853659
186008247737706206269900589024494776473
273743525555550265936408727238791221486
229670342486332845910711709395661577268
282114010340692701806464164302148157359
310628279141425941947466025790087526456
182137690035920382188541551112316542823
65839835655569297393833657312493632022
133924276598668662585826005509254261698
123019976443696844197947408247137944132
326314350834105099248446963189653108634
155808969320449372370784845681375615563
48076483813754596951503144626586963580
243643824562331927331115065432021973117
305332376195897550048750833491338186500
254850030586398693514220104112134965872
125548771434202695156326685862461050966
100603480004835940256973196302106248311
165252602550905256113851219642050881033
97571548574820164996974099838897696661
290726532879001832638009531777065001797
90173865693661703030033145441558808435
198765149063729684839235066642123735190
24913243872628838451053569080870751668
288629171541196431606984095624124458787
298906783683363489117206488939891102846
9353013158616134977837029993581561004
147761902730073554130535218440169455143
152907100275337468100392052927463971850
288602396836017044546519081203789929742
82194958362579646006986133976599441815
302407167622147860694407966930153997562
135232516923451754947029903116767580428
210311222639682243246845815909291721764
124702576051434850787687841261046810685
117599562570049493104610576634066255149
193565836164530053622365369308052901015
17889397825698964810477514941573992811
309294241591309643930251087443384570445
86272521841844462240585804480748685600
100808659960771217092840303143023221189
102846758383814259951679762233508114441
251022425622448788569078084390253349287
303820771789081682636509009879957120341
287191693964505950752491843042046939095
117031922970912391825790445077780396544
27557222847484562641725817282924903912
211090278637891172597912889204308582903
67051695354003119716733721905743853543
85164921433187524949901606503020047601
57786588244272336165767320450560897774
89136349304146818388514902123878695360
147261140448219534244341832708556478522
58544997780753492336635705532620957880
271675589461899667619727691297723829698
143643009379754788377869941245104390673
314896455450558569164078758461858863092
285167499946451634210178257764996664330
315852386324298282127976418880422708989
160027010750723261144772580233100666511
37961086113903708671576719432037362545
7731529004653253248990703835544078446
250640425746037678594236345428549252303
237951877081073880687377757798873524304
241724885520824036819239681999897641905
221830926497307024889270500008249187231
279271049739195558415447790512955988662
245277295463496868520116071689154372109
115057965274356723024973571846193104696
236802802188489722354732995419178850686
292787609523148560539301713601139930655
221940910044169913869885416882054009664
147703265446888527329124192619922110064
75753250651597236441526647121832166572
339270359287769597936938255497780530253
39802230034198855917152526038513571515
140176619534213471484656681325713328799
207871238637789632832116124565232277834
187345921737113224910441275500733568892
26851830412852311279811147985599746082
62103500690689763385309413229660900623
331936154978210238688764045615542549586
81306197373469237271323191299965072316
280519296651039041448677435460111032413
173119142070804262461439630439885929600
74725254931848523527649777504924648792
81610662047577418856295058964085799855
196534774964263435631515854143556310897
13150306900609789253697228823368593254
61787162817382898315678903657826510095
96981255974921445371541200416026027820
129419125412445746623285610711708189435
302810914686374909342294556852587163957
283738088093876268830445245471710478448
200922405149044787221508925817955558283
184803885588815586621527305316052578997
199578331522891170404367754459109933424
325856822270022591188112980946211984736
164866830971172689332864182835332307847
217150384473480719320785322457938830155
6470779360532156780025511506133992271
6252245414553241261567235907572858283
40195981526382146301697317930901159611
262646524812818482768759499443900291638
324152239421806918683453391749101892638
162561700545583410794432395590225923039
274131040470699250472925994710140420093
253926570425038855125020872489444976445
321155443704317373568156106966757857395
254252064069850300817121291842421211921
225205587578276768882733259308006764125
145242807767453420036331096057626365481
177705133840396575463055509940039273917
195077797420573270358804135855727451050
323724619241552334393691882882011108576
38754603911989180930818727068585659809
7019893374662531355188244874435425348
257309750025901390214708883838328695533
100428030090114993327758845769483530999
185376570655177965296089895271790763260
138048126759301904483620841568838660735
216969255760025021862047105204658877580
24334380128687943073710835781835438381
307525139906465326617154045068877860999
279236968138027178516150160183209975417
276488042058168948429528017265615280915
333846157383792431959498302403721438306
30194773361061613532689345436141463057
226702626853882858876479929772651702015
16608715322039432874585256175595449208
123218526231789077212168019337751837626
20688113045788930035698562627261243744
91484409817487193893633415465094883939
77461301913768687385708158356263273890
192937341646470713285441064950489761997
83983124813142704192602721846500025610
327148426277907967447533544469144183033
89915667684791595258889711885161047330
154299873427210230685404642301364131072
207982719883704757646329882458568619331
24213180212596284540338715294506122995
182267147212180628926657326867775357510
64734164616234695040724721007682640773
138475260928044039723541119182254107202
80964857730293574332465195002343616128
158895843058396413832769359821052650569
92316624570403996508749936062708580850
57635402535415621957917169719184301981
23769312970889121830177951196678539520
230646944717575263202602264510949247431
24790192823588041607077256709731293538
119104982573026726759727573944079648836
160127062182430293644178815760086578245
212206088715174332434168049896745463898
256886768707275273239622131436046299348
60462679651269624145926670878275481777
171030266508092691062042886401232084500
57854702849829464356155658135126244753
329336887065987797360322269074679315796
61941900976180988932616699335266393871
144614107572812170216061099670674412769
48369538237095608311039942845208848254
225147474034065721181098764382171048294
230547964704242567532321239649067288831
240967485577532725890171393783640966570
240488641758418344335975699184471562253
271176018668779576214838982090892481969
201693144584313288129916063114098820211
273163593967972458386565049214909103834
89815874410030930126626118334819448842
126138558597220578156839211388736409400
194525499587300498595284268189070857311
302956100050844579282274053329181951080
3992428459371543924179443194001533417
298296614083400725040986465958432101975
166240693549960376802652647649050963548
166492366764952802593907151180116073807
150881572459013202365380757574061010477
75158747821272999287387621088928412966
73717508947914097765395492321202971623
301653847872161957273434928181727176159
47048779223154284935038442825410398840
189134075965198118559129958018062844021
156917751252806354408120380595901620308
274944672723316718108489252623636309463
92493164996684900112945516607834874878
220138872052625346611121115503661190033
29035751768888719725454253819337498297
323912284847296680687436504581058653175
22869693231655146756248376788408015950
180191823153445308111724841202043385767
4156923124353095753850171892094989133
86924500752936684748965094720118221894
235586488778093135031530518212687869251
57160795158308365743098254169355416435
311111487349325963377677375304333552985
216184197508155640770987969856582558495
184621367752526449600806429962297844085
318549557274409542776910637036409146086
274111801717009504328220085252510170017
246976567814337511078997707645097988175
166893113588232632661176162612232644469
272939680974207431126886481090027130396
103362731115703222513303484097606693000
153724585784652693953442397535175865568
70411118273685731324581984963680967544
25569309211562140357532873108407961175
271282511134860119046295571855694734530
31441256179271188323844944371259355820
248621458472206587553636859751756396818
294806173151530206033361653979289567110
47970583244462001901588402803912207231
302917983283755287386905013350963342715
267742523636781526923023391914703200662
178145969878554342461425126133047415926
161473966302210477446819410312068121875
208451304391768979279240203395131505789
247052675922745280018834824914017145433
312854737975069042659532262722230834369
228405228874443144051735284556418575208
270808759496146336576271239046325588474
80891318873207921701646692265240862237
273557775298054007845435246627310383259
191731296430415472933113057517809345780
8455346021220897273560880111729387084
19388829581891643366827054940152606586
93195743198298441667648236168556584947
255946228697380093970000089391619275562
328949079783797992195628070075330582872
170295192539000010364602904001553113425
250726962533195304887995526624652239143
190547343234283814792734819765131424469
197964835381594697478786276839411377349
141055869031420223661042890740663596163
305097559190569279190008256576639490549
117811322826323082856954004784085994248
189437443923175722004980886426872352803
168695824954995708210289241492480459822
57005438602952411440942708121305327588
176381289097114342119912193151568769611
19998701607271462305305499299698676009
69675781258858304712766075654783961278
270380857413405088954072974389358210894
106028438859130554608743922856892075398
315326138543042831875180314847366876227
80631135485225156427936363758749585026
312308384675691676151296196365924606848
142103325294141013279989156516580418854
183468364569766690965894229533807178799
131130001974164414299454197638117748002
33784235542128728111714651096524059889
153809610402509497263059384503768974013
239779012365525504261969013607390548233
220908317209102153134353605606514838037
269980760973039016464293719347982559526
130687344977590456837575025365088502391
295259563865120754493314082313288300794
277801744231941273762031698388395535206
12211836526775838157901054737885851379
252180253937754319254285770933354819023
211477350489216939402470792855286312181
30847692565766738085338086054636609676
193722424125048496973407654248487204820
80648529302310712367385824888100174687
322211913477551558618885718008278976846
7797074468305614936628384154378029000
39348956263765271681271258425633468468
187382886196833836812174326806730280302
124914540029169948353446777318071031281
543098983835030026788492197402017099
328335216100111782216778337375958481931
241913649189619112000275455394660594484
324543378713282560396957862855944965675
121720425656315865806527985958997400829
269305334525140589199374008860323636721
282868255840910310326107109059130515413
96330048516108188841889011961403072417
88885297566091618118565109525599649613
280255719944301651539306222187143886881
179628713034602643483112513153202393258
180146083219377947290855950420025333828
193394346342664825152960611080546799306
322269017086235320011161973097347903511
14071608146649152984393588271284827239
320304892612226768161850119261673867836
257020954144011031515969134264294107547
225980908798871700041128136999026636901
300658590136674926201351166414703267677
201810358431912430465217042886089364416
233275299435409264067965820924613793570
36523382060704977123460817212706968240
52746243915396597906089671088202794337
167360834821351646821466668695804501919
258337532122940919288873672389825938313
200731395228654940945363634221752304928
282473296324184756475991989349975911877
81730098200921958713271567364964468934
250583256939993086353605518760380357581
81278082932584178684030229707509632759
296787885354379946644122812209262457175
170413817832862465882887514026198938981
113251850881621434296575967006641997014
227188145420290245653610708413832403855
769450545884102105696217079312972488
182133016961790998782511631492846311940
87121544976063004096844557045189147173
68529557763032921122861074950755586856
168040413156788209558490263822202035703
190884825562029578193729935658100691763
94215525647091427613340934121074687753
278535140942680034901625406025169528520
41692047943473150041134253440268251720
161408661159622141148778082341532283550
83732875111106231194770754256069642365
100102137820863798846986974757640985558
149373418816034596485392645167618267463
238577098457786375912875202574671678789
67951841659938691137976189028495331253
60636343319190169285109472820696079070
94807495844052797314119403525708060481
132283061190471737802677317696686222012
244942005870801723322598215174033888059
239752955933686613067338056630292599176
50317419153783757265604800591432635609
82253413334477937980661091621147513244
327104760712371377439452316799366677789
326462760388542798666660213382205056796
105786469836258704666132332777464181373
222154288702494055832761170772443479986
298861697700643627048721020850301823521
55620230493742117400520168311530397515
146934525732726354619087423077114284070
159878718773565731502419698329891488325
247035122028176629277632754229311888072
288221210780275071010591968536830626912
289398301262563373965183083306581883346
212068125877222818951552062421014259020
43325588237928324706858771299907129260
270141323474102205213462555135779142020
62324143737796379066774792832842466035
204750314972415709162307361218663447844
227012392354522664848731015940680755648
233763481727387910405740291397003457106
88046447354587324090762933533140832097
130715095671846819638330770926132604381
79680039135624065384397916807247636332
25696300865244096998951483090943034408
167970178551214105352354028560911886243
67829395508362505154434266355952827666
250042327718708420016115765712831918281
66454496248401889746477440759099760225
135486630705673263368244685826893277487
186746905383378075503166427229853777931
331473396427395770262260671712854770176
197937090658334527600570107524620504054
313109794054541197581516856981827429720
103978896678492807603981175282515983227
231315615772572928171757450601038312070
153273436166103216200122907675724827620
107219133150520487266110566120062001574
93243971876923513344702044708338769641
305791896601715922623824307839632891971
104805629451598609560930863420335856347
296027264015733918814168168808877599330
71639861949209560228126674799253427952
120543003634815047575221418423391485603
19222462135759985169434040542614922893
123542747132978517279046335772414650191
110448243661181121545336078917521080380
194007260304296535041968748667030672655
273139201935874439784473103748448406563
315547157134066377281421955361729960149
77188639034967549625158423001294990402
320559917860578400381907227238748618126
266423953104113484579795683693223056985
274392139991593815169881096345416512571
17792258136714144869074129512581268580
330484556676514741501651727720851349369
300219880257718572726615556009247252290
292260835257068258412677532190990926950
233396529650055693783589436506148190396
151857955651314045269464815087246294082
281911970465701374094195529859497173314
328847563880427965655164550249266130957
335961647274093333388984810358024066191
318850100773568245355656894474943701934
330312378174734808431747423255013290274
282152984099715421631611243775740116931
308138443564164709100313142230276013208
183114970979209556454255566954227054626
10721953197373323655006704426278028989
273163998298201447482474470241467376749
335165891845676457807946894583746867368
224457925478599021657239386107854089264
339496788142552445819458349185839365954
287229292371773929561599072150214407090
78344719300665872753944626724853361904
147497152470794403193141554983121526378
67292707507541088264843000302551969322
137751460510166987657573291153896851581
37525604771465398437898861077376492671
21081382504434488629325065334334425836
65681521291638344950663803631148429797
126609716446206256077261849259016167780
84609665554857970100393291468148553557
155713074950337633580916164531791778082
118720562691622685143304192172053484886
112447865601427801890189318370085543063
198286648577991493601816941155194945461
130175884848899954540190320548976316366
305861048982020495452339359937640935816
180585204451325353171423209328689060327
24700861171389593901530075036391027853
32818611989880441263178837946569404910
135482226443307506992118808637226061607
243005482827176537963673613511455946182
327357615495773609681470565468411876625
273336333369059194483404368789151393948
133369720826305420980085406124287648282
40762304802670252383639241179402103497
19607862203105831298180473420427612461
6505055970559615308614981707311809624
267372772380745389860304704037210290216
331307940910051681221004108510741134060
23998160537255716907999822522941011754
45233175700140839159223837422390561182
29361851037681854299579473514143548850
32160674797047441202582195586604163322
58056857633361773310032056134938977759
172533699392902241566750154759450754072
246565387838019458817517225669915587782
293267263215226511705597528579632494365
203638926018875970376000968579404758101
13904049360973799147062726553547989669
221931558760374896019466077157003761444
214411793225906639684409405939769289083
38349928262306900690422302422600089449
52933929571224763225162747053454562570
99677042764857974195768415836492662986
44991933121303377359143226253577689172
265919813038277558854519838157285530687
326177938050199053627430956208169775985
174498582645808406562931380158138777971
174399241728761106414246972798956013659
89947692309468202140329169291716376076
322921679338294326019284167223728434963
259057406671807857495499013767723645542
4808246537224296116073186468323973001
172785482531197167839256178783543767676
226407796067252172995648396498291833894
80950746915299211673782621794602013212
112721369710399157026954040124808494278
245600910054504442281154338485734239263
140941235540382952928328605961840555477
13562251174641925762074185203012365512
50077979134630728532281928658850711184
321009955326525581086683079555527942085
276352782341970412205832559645378285604
225991106889794349206845753168439504423
102721506995355057553862521939286955229
78323674785584103218790808123328988601
97224504999836486732121766219369184460
69514353599441711564586368510600779391
80549417222454962250687241109973710577
100606311512366477559027165398242835055
145331905492949074016963494963769340351
335086506369691391144287811942075123127
174346787820413815552321046740459768409
272300958148101458409199796074369538091
242825374309450779024562632481385832734
123877460511351366915650120129092308566
61528105695494534578167863343368390444
293459657184247404396695671242477191388
216874256829942474054129959988040304047
57778156645070602886977541125713110794
81058247284286189973900490289903447335
290694991705892019025900254278508679622
236230583982054546418244234804864310250
45632066122087570105155639828006957621
115008114054137790348792602306485323232
124890798101843074146371735789655436783
148601580763751650348041435274081411601
211577200026137161094752620590273428273
340220620880551677434670515780888319922
254402065233221503408348995249629953868
93281626666476791372691050850927137708
335261142857612948322923114417708568152
50692538777435306033273231109011877392
201912785005046929765762924882700952085
18753543150361898596620810147375815564
238356676759438707162643638676882333542
250179385514537412917072492203800832
100556392584123403880088878326673486528
338538514374613429569943398297542272558
245382585249310963203846600901755630440
11517936867623748291474245957631250661
35482833926987447371113093802180244743
175033950545393012136835788172263131796
317877240005628806473729696979236614220
105609770896825377766641964350765812302
303934398493312244032229466185267388576
134383136303752363338769007945921966943
183335758999170753423392555232773396436
321757851636372395655997796114001454341
20264025757233761981969168768551561220
145569186018424189472734140388403198692
6707942409353631301441107512375472154
57076542786600041616372348381242142430
177990924667375179621820997510474603746
41832435502578088977508990988516332053
10474242549618154999746137368677660279
260796287905122825704425829485553291275
329591700848149985781485848394197257993
87937743338381616930744936519390372968
77531113678611740547791125605658036682
11844583575344756709253975075085209716
24457333680257024016985281780838737649
139957782233712580943640510215892099935
300391022715015200463914727784326328771
52041176122596328769698041632993343506
193542019252454544045696888924313821160
251097500133569998158192636227578182154
133812758127023535792647818462819880868
187608715364776926493104780409305528990
114385150948916104086498730656784996883
245340174488745607958908036797833409688
80275896719719981031074888414814773146
187739683121023133916909623825897995788
46787508100917880823946072139522620777
197884022604129438984612997582196337780
307053062729592784817746060385447956103
313557038183501902974066027963156985205
203588222528959862983495633685207485206
124660660787382753228989644982148732270
59122909936582352906062611449486659267
120678375770739746673888584055807920684
150827889992223975493904881587007138677
93102976326589197927373513077518584730
42597527311112539507899121125981032724
81781397677662412293038490331688930572
209686283768938350335444680410582277879
269163287182383794918444202974792880041
208340722593564844057105560639016195666
275311043119492565270724193039845414363
140691181313493500796115462285839686140
251010877414728188889580729955353827508
35090088574445298391271158717726085523
13662633300245758359746369946618351064
232017519114888035311102130191327634589
32488433502813032241251909306551441208
124991930053811569767071128659916156321
5169536319250160449721935405380602521
277466664500131260373242236422398152745
46045792729548915045264242807494477714
29618254407173705014863476415643722725
275861058170514472331105842596276422139
300031471778896962586790463528007942733
194293691558798835021631944410568255210
213031467302894319291146465238797720843
206821004813825820791746117761321048843
137436896715580276139345647673672694297
3429892567915711278143753100708423163
153651352761830519664984799742759685073
337794427323289675834097070134103356904
130428707793375379474467128934495282230
11507175199483421537576263624272563921
321789159790942335021797578291596491697
309124021934112573066512931753956735038
177484760834947055467187585436763772049
61687181740095385325391279648667976928
292865949219622699780456008123006539506
173863315687469536961412517159414245109
340118817222580939204825134779484012068
210661948699403439403495294888840082259
113984185820146718868484224218030009973
147775993065061941025502428516917536223
225701721174842971701164079990415277746
19376061734586904487474146706659295659
294629564276846589653564141545265358584
306393211254511900972023079757669772746
248551919485920670445457028742597170283
215936098605642400869860556079164284658
231163809283234246462495833609218802054
201301943911051028032981667262433029682
47617057612415537586635726688811593822
161867600966037106075968148756814843619
50484761313058456836423781798999231492
160849397370044160495733979880773303712
290895537058750687045249664213989850659
282024388430939874071494728679943110084
316570349412035688622316616928703443257
112602166276957039921236264002863231840
284065178849411076519103656267262464054
44652085126355592803489890944764442601
338726600485273004989585606009258660913
331283070454814598132287578248602240352
63679648901338955943691642269526272056
246184698480002752348170421926678191308
247129699375167894700471172092532037811
140557761627926697142933379127203934433
44285955604608066412731284658921223449
257231326005402070556699642748816469752
29246685118261911818125492765654697752
278608815741948346282804491611235344805
40404894343880191017380288389350683749
72737043646083753790576359788038080925
60750701276190291567596618826197077264
211760661267164299940805050440515097865
332962226742444340699619659391474935068
290141661535705391852149900918044342389
89168469461336159407769134405796552503
67121723270965607631341728346641466369
254991089367987122961659754238500234232
2830416422980773409664401903147038065
168829649028668981888399986362730801187
31371589969364590769767542683343508115
35184700231342901017312256459238000763
313856287586409457936413605730865970629
262881693134408114458208215810226513569
331583964834733556377602751620556805530
178816993826006416333012849592472152329
187556066900789148801841236342466051092
249214636336979853272465306191393718311
3922998595824261374134769194411190961
149368098127268676722784857150896614253
46397631218701949265844860078662015910
132099180067036055631781100206649419259
327644745390563557672361814108289914029
285875735395759297097664543208721724643
63290975117005576089031370755892659526
137577452441655861112481556980743887407
316434782801237467846777067249714931780
191928203724960395246943518970562214799
229445960439723421356868599013452804804
49070026851975737397866594078484651319
304009456936650582718851636462623125073
200333893327025933970314123314409858430
302134539132338763130190167735943109386
17053284829694789159504155342098125509
77474656289246797074160530805290338801
234370140041468186782539188511845521010
275196007005119372114853859885113932597
45796597386709505815104451771375081674
156472776073632088736741119643786584812
223681776958184721974394465942298375110
38866287769139851047785457273404065574
77689512517816856146930892536518663403
301500934645762663620592755081336389453
298866088519798384148497083692913612585
336862496406213788974848624387917270406
86242999795087206696281135590980828245
56938651928819789799215684048825175614
143101184700356937543195532019531597768
5988598689562813759631511410056051610
113738666341842595227627609026329000297
11135691190536858209218820288938001933
2808866140284090796877243007411838077
29954598094484156288411186055322537931
72649132174869755155577470841033397176
207762389744789420094954128912837924341
141030913463388094696743566817563075333
205110588189629308116830396627413743851
104238891265564886609717508245043661073
313778001301520786554220418672350659961
319139273896415823134961247089570209924
293308433086622139154106563315927120548
178725763749130140355593020727162464496
293209139958044624101673344223805770299
175197347862688726934062221964755200817
207671551349215205115371829802421786414
316063133874515142688093524170332979081
88901882302317598568165219832236886500
98259541204597645104450479806285621100
180230526103426331844597179526145773779
249428949277389242429017889815205213331
234739479451422874461747239006924881543
167118780817850070114744011161792409187
299917783681054907415675223733428081302
279075296256471211496151309502526387219
45720108075199762691689760719805776930
320880682272162098384739689733416649889
142027901452686255445994515681740858413
141473791940376552868580996147610284248
167426668424984553006496535293097593655
152280997287187050229378950486278917835
187053858052457045705021652644149993727
229108929669384673765677850540484766208
339538206023764901292501010148149575018
107046054776702907338043928881941625316
214037197782552902474820915334742854746
163870196446973525371069364002978815067
235580285647554412921955238114325978537
47322671515332679836021369511400282227
207292071420747624087354025962294738839
203302674683954107463651979796200587915
314282466086798556204931917296092250624
174652365345251388069030775371831506196
6722575521082233938486705047811081554
211733585294651313855056518726932419381
287224217481815560599712855954421522756
12595561130359843616927586570676384411
21411156964899170662265607602291820954
198124217783695189202236558940183009181
49563865087487951760413040438291000315
258264786905809522727886083597855277414
215873811270723134343282406918389033852
85333638173691371290018692280183311014
168305469696047551206793400610668460317
103360232605542274384172486170117894571
22336737887507875733777825909023008704
305698815150308039275626157777428419560
225240314460361416562668589776572406297
61456386817233858712528581432788486933
37726732905675255791360662320642455384
179928953667048970130225738427057948136
55618393834449879884761715801929676625
144084935361606240449215247803637535373
166678711727462000936760015408965659408
270011979987531614621609324642412695770
5631208004255907675076935751542810662
92949967423696083688131242962892669132
80168425614049196979514648108657097899
333797085020759722408670705325130864500
167746914641086496047891515270744676030
102341019917097599287264113805522323127
129868421870333659622209648988139301561
227086267113824862516126071542271233555
154925528054086375493800948332881090439
127535186104750699261597487506215036146
6376457407983217577358659910163189842
295727636586658164934382437327729954903
121605558319531539536376768034639254793
120990230890020802500600035137781707569
258796456700960829422789934915169910932
244833352445905616482399338980929135734
5898803973542120100639062534302491901
247007881594548756812267143315123099175
60728841939572802714489432336266499742
316331272566425243083968055774906678736
57857713716084367927055220546076508697
39065168670767190687029645932235649925
14553905027219370691551298593266044504
223185343064788011940670813223168257296
206601436202599268384417799010399700740
196886240716470539942353159101971492816
297936872055609906836591927058591773422
14951843646758317212994957831241831699
45278527523501239737513766315028443368
11173492045785270833544553426599887994
211303459241537630218631310756091056109
200035802394112237725005851953455852000
177912802894425662960892418705836825181
284999490535101504386627488721105543417
84427723193589910822360408618292427060
215572369050167996387525851038999056223
97374830890487960310753517525991842492
312076724278984420512840427802586100952
26583705314061899318133129598046908220
174943761102706482853789723155475322856
208863016373515904832115776083469960376
271291082853466713436973146802274055012
143168079702015374949711235019129160439
107699758953778760459340019292748123929
53383011569985343716540952440613406902
266607002307102499327510246644270368122
22751946516127385564652244979145423221
180373401850248389489371804100060845141
191816748319996177110656943245194794575
196851869874479442437871972132566110739
121467167519897351825514569150061372000
130564357211856764187776506973931372481
173596032090992512688230427173171959210
286532248982539513930575026343127296800
230239810873398822675190984043010825412
16002770121742393181537869311040580663
159357287134352538477185688813402448384
273689020849379581502393258909002172689
324426384827503592088977789376715058639
337864086954522186508682025267635722568
95196652072006628584861193838207828617
233139631260181847087888351293222470254
56674866228005463041376558373918710219
336423245733326537237301424020021281297
79940090138903596229155720566806643386
228549080385684561966599553786314452518
24456618420416092610550638741645241905
245332274437985831253178626551040141063
129431134253319327957745630442274497873
132747991073562453376222793958113282993
154405172379667396541886199491189147631
242384172810615267285951828877888266600
233553168730274665501570317533519248513
203668472588311662221313634356054537055
286400912960305515372785814154071186169
203294726418938881929707093412113560931
4793478060932875900201845501643051866
333264867444817525308781369138039715098
249853933967026065652192948277625866668
196576532894740757194825553068339439069
118905208466625511751070167346565614375
186743012980174503855964327886287046389
202665801646856653222169339860859704649
70236039624980821090671886893191350444
122597580882787088506489730091256763474
111284760220978516203416199906033723018
